201805280004 2458266.521050347 44.0 6.71490115290631
201805280005 2458266.523561921 42.43172167539702 3.3920471743259193
201805280006 2458266.526073495 42.21045438120298 3.6438785491635826
201805280007 2458266.5285966434 41.30819370576708 4.196875786401529
201805280008 2458266.5311082173 38.7179843914905 4.094990097426557
201805280009 2458266.5336197913 37.77529688464842 4.172252496570804
201805280010 2458266.5361313657 36.0795965373419 4.23014531114361
201805280011 2458266.5386429396 33.808023446508315 4.762921246420368
201805280012 2458266.5411545136 32.5478376711711 6.600141507368634
201805280013 2458266.5436660876 33.609285875100795 6.055495211450671
201805280014 2458266.546177662 30.99120753663062 5.272977689122894
201805280015 2458266.548689236 30.095371331356368 5.059334724487279
201805280016 2458266.551212384 29.675919377964988 4.774537758290104
201805280017 2458266.5537239583 26.82967930794815 4.604216075641842
201805280018 2458266.5562355323 24.566716529510746 6.928575780360356
201805280019 2458266.558747106 23.087551368158962 7.40917356897581
201805280020 2458266.56125868 22.93359660185033 8.347551519284702
201805280021 2458266.5637702546 22.28507247287454 5.909770520703869
201805280022 2458266.5662818286 20.807183779072556 5.973339170279568
201805280023 2458266.568793402 21.73047673147121 6.0288108244482945
201805280024 2458266.571316551 20.002039745957422 6.33564650946293
201805280025 2458266.5738281244 19.927401415282382 7.928074888583785
201805280026 2458266.5763396984 17.47891199068365 6.392854710569225
201805280027 2458266.578851273 16.27744405595188 6.015782047964302
201805280028 2458266.581362847 15.525962857919673 6.471167954127786
201805280029 2458266.583874421 15.811056116238777 5.484749299323167
201805280030 2458266.586385995 15.281054056309923 7.187887743887135
201805280031 2458266.5888975696 15.718574641264464 6.601720721930906
201805280032 2458266.5914207175 14.740031169594683 6.570310944460794
201805280033 2458266.5939322915 11.875165534393837 6.129967616624872
201805280034 2458266.596443866 13.057918163228628 6.59685739247878
201805280035 2458266.59895544 12.417167689946996 7.0712585512293
201805280036 2458266.601467014 11.250475274516262 5.826236079406799
201805280037 2458266.6039785882 10.705660222708467 6.56407537583459
201805280038 2458266.606490162 9.083631387364491 7.867902306320272
201805280039 2458266.609001736 9.782210422296998 7.297514967678055
201805280040 2458266.6115133106 8.796013965391516 7.233433348953995
201805280041 2458266.6140364585 8.891296238511543 6.602902355709651
201805280042 2458266.6165480325 8.023978587495826 6.154120098288617
201805280043 2458266.619059607 7.682405805761221 6.421567310315891
201805280044 2458266.6215711804 6.883114853199302 6.779461672099962
201805280045 2458266.6240827544 6.719728504018633 6.789019653466722
201805280046 2458266.6265943283 4.966420978020594 6.971881909425509
201805280047 2458266.6291059023 3.9699946914253204 6.722938340736081
201805280048 2458266.6316174767 2.1841925678844873 6.019844029765591
201805280049 2458266.6341290507 3.7438765495213744 5.9158563828218185
201805280050 2458266.6366521986 3.3415056619823957 5.481487131332708
201805280051 2458266.639163773 2.2811996532914023 5.651557643330924
201805280052 2458266.641675347 2.315161109294934 5.544290763835872
201805280053 2458266.644186921 1.1856334101911514 5.748714492311364
201805280054 2458266.6466984954 0.89104106086819 5.693002226146839
201805280055 2458266.6492100693 -0.7297573297972733 5.595526099909014
201805280056 2458266.6517216433 -0.7884476307651909 5.319419305504187
201805280057 2458266.6542332177 -1.7543074240778296 5.179816582679703
201805280058 2458266.6567447917 -1.1268499536847685 5.114480717917359
201805280059 2458266.6592679396 -2.322633356999411 5.572132186100299
201805280060 2458266.661779514 -1.779335686858559 5.154082033779376
201805280061 2458266.664291088 -3.9553912021919544 5.52215172136215
201805280062 2458266.6668026615 -3.9858396394894484 5.632952339766652
201805280063 2458266.6693142354 -4.645744762435967 5.349503368115988
201805280064 2458266.67182581 -7.094974226178863 5.690756368407867
201805280065 2458266.674337384 -5.026516376431296 6.210331797669218
201805280066 2458266.676848958 -4.522806665002513 6.130783081187474
201805280067 2458266.679372106 -7.268992894010346 6.148124197730255
201805280068 2458266.68188368 -8.362667566481086 6.787177099667662
201805280069 2458266.684395254 -8.214235439089627 6.125771115107736
201805280070 2458266.6869068285 -6.398257031770115 7.002795511861322
201805280071 2458266.6894184025 -9.067888925879501 6.5839925350684885
201805280072 2458266.6919299765 -9.071347717758897 6.163938863115405
201805280073 2458266.6944415504 -10.75429245566886 7.010715786358489
201805280074 2458266.696953125 -12.549458882870354 7.516474912056569
201805280075 2458266.699464699 -11.550008949538189 7.449939173990117
201805280076 2458266.7019878468 -10.24727705508333 7.049582532537251
201805280077 2458266.704499421 -9.758414688356183 7.6912384555800175
201805280078 2458266.707010995 -11.831409626407648 7.868873244792026
201805280079 2458266.7095225696 -10.55649968120845 7.189552819616816
201805280080 2458266.7120341435 -10.420319486867939 7.911064449774715
201805280081 2458266.714545718 -11.755458938978322 7.692655718146841
201805280082 2458266.7170572914 -12.383473983317153 8.362717041581458
201805280083 2458266.7195688654 -11.301980673226673 7.101319171773512
201805280084 2458266.722092014 -12.616887040330667 6.271916004270305
201805280085 2458266.7246035878 -10.340787886166147 7.823375217495891
201805280086 2458266.7271035877 -10.962552955605481 7.063299582248525
201805280087 2458266.729615162 -7.437232852730531 6.325753030411744
201805280088 2458266.732126736 -5.57907163361039 6.485175033917482
201805280089 2458266.73463831 -3.401099607939784 6.001801680372097
201805280090 2458266.7371498845 -2.618250776043169 6.133072155344427
201805280091 2458266.7396614584 -4.033308204927806 6.008195808140323
201805280092 2458266.7421614584 -3.0859774015260584 6.279529779035184
201805280093 2458266.744684607 -6.5997478158029566 6.214410679770595
201805280094 2458266.7471961807 -5.681489739060922 5.995091928218554
201805280095 2458266.7497077547 -3.918645130903883 5.358159736855169
201805280096 2458266.752219328 -0.794232153322767 5.718862923823616
201805280097 2458266.7547309026 -2.559151006091369 6.0119469925245275
201805280098 2458266.7572424766 -3.2654964151232875 5.337844548741419
201805280099 2458266.7597540505 -3.5302409950726243 5.253886347414063
201805280100 2458266.762265625 -4.099129726845156 5.115899784358041
201805280101 2458266.764777199 -3.7448736380079595 5.300201440995378
201805280102 2458266.767300347 -2.438211290173335 5.986767528812935
201805280103 2458266.769811921 -3.259010779541029 5.420380624752954
201805280104 2458266.7723234952 -0.29060077322156985 6.069429308282641
201805280105 2458266.774835069 -1.2173635140994392 5.4458484928231625
201805280106 2458266.777346643 0.6428141531241209 5.683942406830286
201805280107 2458266.7798582176 -1.0861003907972488 5.081507350751325
201805280108 2458266.7823697915 -1.7517280913494133 4.857558619358168
201805280109 2458266.7848929395 -1.5590885127734353 5.4534006619014335
201805280110 2458266.787404514 0.0073845472696021375 5.0492869076359215
201805280111 2458266.789916088 -1.1606465838855442 5.130220756519937
201805280112 2458266.792427662 -0.01464483932903704 5.483425313400888
201805280113 2458266.794939236 -0.4186832826139977 5.414574019630179
201805280114 2458266.79745081 1.2059773456139453 5.0012691233980995
201805280115 2458266.799962384 2.1420582175742524 5.114403317221577
201805280116 2458266.8024739577 1.1631576817198308 5.010120729827315
201805280117 2458266.804985532 0.7803543963421333 5.206758803176632
201805280118 2458266.80750868 3.1812002603551477 5.767433859731187
201805280119 2458266.810020254 0.050608027771495756 5.292434131623087
201805280120 2458266.8125318284 1.381313811057339 5.368580455952993
201805280121 2458266.8150434024 2.1018774210860585 5.938180338883699
201805280122 2458266.8175549763 2.818513661017917 4.6116096064429914
201805280123 2458266.8200665507 4.218260692898241 5.028100692246634
201805280124 2458266.8225781247 5.159161457251862 5.072967715885202
201805280125 2458266.8250896987 4.586277307158234 5.151697442791598
201805280126 2458266.827601273 5.72097690471081 4.769992326526843
201805280127 2458266.830124421 4.845197155161074 4.67013413599405
201805280128 2458266.832635995 4.310237255355368 4.773851911588761
201805280129 2458266.8351475694 5.320010725941799 5.437628038436664
201805280130 2458266.837659144 6.561863682472229 5.131392091951096
201805280131 2458266.840170718 7.547966457686961 6.247592767203131
201805280132 2458266.8426822918 7.079732442723426 5.725646934165669
201805280133 2458266.845193866 8.811083277152036 5.993723603444275
201805280134 2458266.84770544 8.857002234503234 5.86719283197006
201805280135 2458266.8502170136 9.705016126133984 4.7945272359066005
201805280136 2458266.852740162 8.253989900524239 4.800425431762108
201805280137 2458266.855251736 9.469381706068617 5.951799891651981
201805280138 2458266.85776331 11.11019704840033 4.666613523768667
201805280139 2458266.86026331 8.661351671256348 5.593946960892675
201805280140 2458266.8627748843 11.032722004284913 5.508476517579005
201805280141 2458266.8652864583 10.802300865049027 5.64129363497513
201805280142 2458266.8677980322 10.81901533948237 5.4780640066009925
201805280143 2458266.8703096067 10.495279007111314 5.653516717916516
201805280144 2458266.8728327546 11.49299491314759 5.764784093062742
201805280145 2458266.8753443286 11.618424833606994 5.811653898927108
201805280146 2458266.8778559025 10.873874687909414 5.7933685122825125
201805280147 2458266.880367477 12.735254445595519 6.013581366686686
201805280148 2458266.882879051 12.960465762027699 4.553309383413001
201805280149 2458266.885390625 12.558573832371351 5.186823291376173
201805280150 2458266.8879021993 12.379475643926693 5.3754845084119935
201805280151 2458266.890413773 12.130875580650027 5.8102083259227655
201805280152 2458266.8929253467 14.03100769505998 5.829766176292396
201805280153 2458266.8954484956 13.56344128778688 5.772560842718184
201805280154 2458266.897960069 11.75792908573743 6.1024297382416846
201805280155 2458266.900471643 14.084367605323504 5.5577610068633305
201805280156 2458266.9029832175 15.702828987034255 5.662522876339283
201805280157 2458266.9054947915 15.175472995106855 4.990988735333688
201805280158 2458266.9080063654 15.528659102639807 5.1739003666078265
201805280159 2458266.91051794 15.471390850532565 4.8645948722021455
201805280160 2458266.913029514 17.330036405926347 5.3823918124519885
201805280161 2458266.9155526618 16.141422611463227 5.988308266526753
201805280162 2458266.9180642357 15.250748709640106 6.149258846080105
201805280163 2458266.9205642357 14.09426480710912 5.726825615133233
201805280164 2458266.92307581 16.109072905738156 5.694434349876832
201805280165 2458266.925587384 16.252645785474787 5.9748518236617745
201805280166 2458266.928098958 16.732492165187498 4.724647328295717
201805280167 2458266.9306105324 16.162590804915116 4.739423309088149
201805280168 2458266.9331221064 15.936023442987864 4.9102365376679336
201805280169 2458266.93563368 15.684493537315017 4.946912560925657
201805280170 2458266.9381568287 16.643842474116944 6.194121774682713
201805280171 2458266.9406684022 16.23337138101654 6.63241166787614
201805280172 2458266.943179976 14.69079735099919 5.505748953216049
201805280173 2458266.9456915506 15.146156918058388 5.810785886696143
201805280174 2458266.9482031246 15.817823497390297 5.802371795868851
201805280175 2458266.9507146985 16.52734872071515 4.855448994136366
201805280176 2458266.953226273 19.01200203319582 5.259119030500317
201805280177 2458266.955737847 14.804158487801146 4.89566627398053
201805280178 2458266.958260995 15.60290821940896 5.538949926861241
201805280179 2458266.9607725693 15.499557868232618 5.970718503526227
201805280180 2458266.9632841437 16.528694571686295 5.65988968272768
201805280181 2458266.9657957177 14.754682950660868 5.735950508328326
201805280182 2458266.9683072916 13.88427754841302 5.518394299514286
201805280183 2458266.970818866 16.86530480623696 5.572309498923939
201805280184 2458266.97333044 15.962218039186943 5.280719764633972
201805280185 2458266.975842014 15.591550568510264 5.371414317058863
201805280186 2458266.978353588 14.32596216498004 4.734302784688251
201805280187 2458266.9808767363 14.8540082999647 5.3659063362457875
201805280188 2458266.9833883103 14.124810429684228 5.776988143554248
201805280189 2458266.9858998843 13.911135963521687 5.785278577967064
201805280190 2458266.988411458 14.635398848305599 5.8921506232986
201805280191 2458266.990923032 14.517476211278847 5.970492341979828
201805280192 2458266.993434606 13.351781124144217 5.74281895882782
201805280193 2458266.9959461805 13.019407470537377 5.687793224794694
201805280194 2458266.9984577545 14.263071487269766 5.1460922423302415
201805280195 2458267.0009693285 14.905406809140185 5.435133954517647
201805280196 2458267.0034924764 14.866267475177992 5.5999088235481596
201805280197 2458267.006004051 13.751328158724924 6.227651883389193
201805280198 2458267.008515625 13.502174740845629 6.113794941948857
201805280199 2458267.0110271988 15.096011266103226 6.202566459770018
201805280200 2458267.013538773 12.664588306767403 6.1091265394983765
201805280201 2458267.016050347 12.789365784187115 8.034781050078223
201805280202 2458267.018550347 11.34725452422824 8.306954214499017
201805280203 2458267.0210619215 13.776529660462227 8.19100364160568
201805280204 2458267.0235734954 14.057016415049812 6.053572553299025
201805280205 2458267.0260966434 12.761931900250808 5.660629330224912
201805280206 2458267.0286082174 12.38996305989453 5.597396886600188
201805280207 2458267.0311197913 12.112100087775048 5.6967033890718435
201805280208 2458267.0336313653 12.589866709933847 5.5261507684618
201805280209 2458267.0361313657 11.335052166495323 6.668889428723102
201805280210 2458267.0386429396 9.899449630856282 8.261329316918916
201805280211 2458267.0411545136 11.459960106987786 8.368270559765914
201805280212 2458267.0436660876 10.787710554480007 6.362597758647312
201805280213 2458267.046189236 11.314403356468105 7.735093012375222
201805280214 2458267.04870081 10.427371630913449 7.964517432178682
201805280215 2458267.051212384 10.944139022422632 7.332368659039322
201805280216 2458267.0537239583 9.049644231733048 6.484945351051173
201805280217 2458267.0562355323 7.405774642678615 9.615003634869952
201805280218 2458267.058747106 6.815295635773879 7.978090046692738
201805280219 2458267.06125868 5.669745774539656 9.938376549340939
201805280220 2458267.0637702546 5.8579335322165065 9.313158283232799
201805280221 2458267.0662818286 5.972085759747216 8.887893065548706
201805280222 2458267.0688049765 6.266624448643547 8.52485104051284
201805280223 2458267.071316551 7.816342606744499 7.775561509382775
201805280224 2458267.0738281244 5.811401808417308 7.211497057718012
201805280225 2458267.0763396984 5.188984922446274 9.046302535883358
201805280226 2458267.078839699 2.58149610877998 7.974919667657205
201805280227 2458267.0813512728 3.6531018923049885 8.697701093265785
201805280228 2458267.083862847 4.242011344810173 7.266440281442265
201805280229 2458267.086374421 1.4545536168217978 8.989052720828818
201805280230 2458267.0888859956 2.521042739635604 8.951304447324414
201805280231 2458267.0914091435 2.845650031176504 8.209668421445159
201805280232 2458267.0939207175 2.9032608856272617 7.102828871073196
201805280233 2458267.096432292 3.64751541132798 6.663058732552008
201805280234 2458267.098943866 2.4784319760608184 6.431083692570989
201805280235 2458267.10145544 2.2957063535905746 8.430024748935317
201805280236 2458267.1039670142 2.7286344281991433 7.770282610190425
201805280237 2458267.106478588 0.9789653430670029 9.166279785000551
201805280238 2458267.108990162 0.06651508669325779 9.323391803629544
201805280239 2458267.1115133106 0.6444430142977353 8.254690231950677
201805280240 2458267.114024884 0.3987791536372356 7.831325849295104
201805280241 2458267.116536458 1.1117974510411273 8.581503369998773
201805280242 2458267.1190480324 0.5684071198669756 6.611082440817052
201805280243 2458267.1215596064 0.7273088553374549 6.716973111356495
201805280244 2458267.1240711804 -0.5487168665423354 7.3950123928115294
201805280245 2458267.129441551 -2.3031371864386614 8.70802927692792
201805280246 2458267.131941551 -2.811224476061092 8.466075772175417
201805280247 2458267.134453125 -2.529557234630964 7.382643216512227
201805280248 2458267.1369646993 -2.7187125004228463 7.210647303838606
201805280249 2458267.139476273 -4.757050581393784 7.974310155406964
201805280250 2458267.141987847 -0.4449340544773861 7.014785426859421
201805280251 2458267.144499421 -1.3009822146541197 8.54705666705742
201805280252 2458267.1470109955 -4.126680220546817 8.651463362073867
201805280253 2458267.1495341435 -3.869270032668638 7.576018046170344
201805280254 2458267.1520457175 -0.9347611681260375 7.197162594697787
201805280255 2458267.1545572914 -3.7272419137600963 7.239572948665699
201805280256 2458267.1570688654 -3.4461835724108667 8.607134208628674
201805280257 2458267.1595804393 -2.855122859430516 8.213873444485769
201805280258 2458267.1620920138 -4.55400177023968 8.394035328916472
201805280259 2458267.1646035877 -3.0209414313908525 6.5194153990529395
201805280260 2458267.1671151617 -2.772155275401367 7.527823963367804
201805280261 2458267.1696267356 -4.967658081284242 8.873985150028682
201805280262 2458267.172149884 -4.676626495593325 7.818402359030675
201805280263 2458267.174661458 -5.572909381391533 8.261532463313552
201805280264 2458267.177173032 -4.854439704842278 7.844927423930833
201805280265 2458267.1796846064 -5.609481488535259 8.026601008606807
201805280266 2458267.1821961803 -5.659859100475927 8.38115779505651
201805280267 2458267.1847077543 -3.859649276676379 7.366059704769312
201805280268 2458267.1872193287 -5.15536242728858 8.366561502664409
201805280269 2458267.1897309027 -4.035512367381365 7.491047622982605
201805280270 2458267.1922540506 -5.38404511715089 7.438754601765056
201805280271 2458267.194765625 -3.617568932174308 7.315698725846996
201805280272 2458267.197277199 -5.878375087919174 6.144320805460401
201805280273 2458267.199788773 -8.747405915348622 6.436134817746165
201805280274 2458267.202300347 -8.459336781493441 7.959043260834277
201805280275 2458267.204811921 -6.407068259849858 6.558864632787751
201805280276 2458267.207323495 -8.376358929746118 8.082569573189883
201805280277 2458267.2098350693 -8.100502726876371 8.2942292057429
201805280278 2458267.212346643 -7.286463150989796 6.451447813468623
201805280279 2458267.2148697916 -9.103279018110982 7.78819635870787
201805280280 2458267.2173813656 -9.351581479693564 7.864141488127635
201805280281 2458267.2198929396 -8.07612495132846 6.562693677153436
201805280282 2458267.222404514 -8.832885890693063 7.701409174800337
201805280283 2458267.224916088 -9.620019108427563 8.154022571682841
201805280284 2458267.227427662 -11.55543444755807 8.118986989783544
201805280285 2458267.2299392363 -11.563039914720889 7.996841612125947
201805280286 2458267.2324508103 -9.54885261800807 6.71490115290631
201805280287 2458267.234962384 -10.165293949415776 6.844565971985566
201805280288 2458267.2374855326 -11.346767461099034 8.530795423040159
201805280289 2458267.2399971066 -12.493095531893985 8.015152783048537
201805280290 2458267.2425086806 -13.566480736484195 8.241205190424521
201805280291 2458267.245020255 -13.466120716330643 8.180081473329578
201805280292 2458267.247531829 -13.187283037517183 7.309701067107157
201805280293 2458267.2500434024 -11.996377200725576 8.49383843673974
201805280294 2458267.2525549764 -10.896066173268927 8.386490761602975
201805280295 2458267.255066551 -12.556792388319359 7.588441799730124
201805280296 2458267.257589699 -13.2805461811677 8.258630069903647
201805280297 2458267.2601012727 -16.307446538464028 9.1046393463098
201805280298 2458267.262612847 -16.231326665129018 8.705103005883329
201805280299 2458267.265124421 -18.000415735907218 8.398726662797836
201805280300 2458267.267624421 -16.617283544888274 8.799634144104768
201805280301 2458267.270135995 -15.561184838994684 9.403876166084988
201805280302 2458267.2726475694 -17.206496698030804 8.753491743317536
201805280303 2458267.2751591434 -16.37364141317304 9.190226091148388
201805280304 2458267.2776707173 -16.466173053043555 9.764997421336632
201805280305 2458267.2801938658 -14.95441028987095 8.114770920206327
201805280306 2458267.2827054397 -17.36817581804347 8.73605225973006
201805280307 2458267.2852170137 -18.45582138700322 9.427743918355624
201805280308 2458267.287728588 -17.085126625975334 8.877567534754187
201805280309 2458267.290240162 -17.523628590722105 8.554777497096463
201805280310 2458267.2927517355 -20.164197362892438 8.532177528564898
201805280311 2458267.2952633095 -19.537678031621475 8.338982298900612
201805280312 2458267.297774884 -20.408811751929093 8.67345992176575
201805280313 2458267.300298032 -19.741644428961877 7.013124044935986
201805280314 2458267.302809606 -18.467739878404245 8.43047402910359
201805280315 2458267.3053211803 -19.84116717620995 8.895723023833959
201805280316 2458267.30782118 -20.407668786369115 8.960539980544047
201805280317 2458267.310332754 -22.24427340705566 8.138012785520775
201805280318 2458267.3128443286 -21.47637958155677 8.277403644614557
201805280319 2458267.3153559025 -23.20189493998373 8.675763564812492
201805280320 2458267.3178674765 -24.381608729302286 8.590537591737728
201805280321 2458267.320390625 -21.733290525230444 8.66127605896209
201805280322 2458267.322902199 -23.142367472593264 8.984090216439169
201805280323 2458267.325413773 -23.849433630170537 8.34427118994963
201805280324 2458267.3279253473 -23.135139686569616 9.593198221850331
201805280325 2458267.330436921 -24.151802861588877 9.02840304005689
201805280326 2458267.332948495 -22.73477738593452 8.970400756262148
201805280327 2458267.335460069 -24.23869834416014 8.792983926976706
201805280328 2458267.3379716435 -28.13438575152847 8.32189208256005
201805280329 2458267.3404832175 -24.873846809153846 8.76581882425439
201805280330 2458267.3430063655 -27.459277628309835 9.889412812439243
201805280331 2458267.34551794 -27.29979512632805 9.206359494040536
201805280332 2458267.348029514 -26.440930613267355 8.455628268839975
201805280333 2458267.350541088 -29.55389845051228 8.736103513773648
201805280334 2458267.3530526618 -31.996762741252624 9.575157199919596
201805280335 2458267.355564236 -30.2070176471981 9.698126835185038
201805280336 2458267.35807581 -29.90110158528873 8.728978462241573
201805280337 2458267.360587384 -32.862353579986745 9.441645549869646
201805280338 2458267.3631105325 -31.225245833287417 9.755458834478329
201805280339 2458267.3656221065 -30.71088099932703 9.628623085025678
201805280340 2458267.3681336804 -32.24056021688564 9.3482101450139
201805280341 2458267.370645255 -35.60624734449247 9.347087975968662
201805280342 2458267.373156829 -35.95637072739986 9.18258663988373
201805280343 2458267.3756684028 -33.26249497301981 9.2562807022396
201805280344 2458267.3781799767 -36.09599559979637 9.495236358403925
201805280345 2458267.3806915507 -33.490808305199124 9.8093328691927
201805280346 2458267.383214699 -36.070337213737204 9.672042067275214
201805280347 2458267.385726273 -35.758187697606076 10.571458193271944
201805280348 2458267.388237847 -38.060062923292406 8.93032973147735
201805280349 2458267.390749421 -36.12979928883321 9.038933456713242
201805280350 2458267.393260995 -38.06025376108046 8.689957843749728
201805280351 2458267.3957725693 -35.81973171681922 8.965692201995504
201805280352 2458267.3982841433 -38.78467000598614 9.740147893917428
201805280353 2458267.4007957173 -39.97944467194198 10.481031183303262
201805280354 2458267.4033188657 -41.362138915783945 10.692269433120718
201805280355 2458267.4058304396 -43.38820228719011 11.639372196432921
201805280356 2458267.4083420136 -42.67406810473585 9.036955437149103
201805280357 2458267.410853588 -41.689162313008126 11.454324255091066
201805280358 2458267.413365162 -43.1598583683555 11.095848052080939
201805280359 2458267.415876736 -43.18692029386227 9.541632735572206
201805280360 2458267.41838831 -43.55134156153642 10.484589329649385
201805280361 2458267.4208998843 -43.240615073898994 11.66569815049439
201805280362 2458267.4234230323 -43.378143758318544 8.696406118212591
201805280363 2458267.425934606 -45.573075302000035 9.263394761354238
201805280364 2458267.42844618 -45.441111373529296 9.59595502670733
201805280365 2458267.4309577546 -46.6106603242346 9.662774161906402
201805280366 2458267.433469328 -44.82021604664635 9.587391355309414
201805280367 2458267.435980902 -45.34320930273704 13.221314246867781
201805280368 2458267.4384924765 -44.76138153309881 12.037662075473767
201805280369 2458267.4410040504 -45.411191025761696 13.226455016778521
201805280370 2458267.4435156244 -47.62630114511509 9.937784697427139
201805280371 2458267.446038773 -48.27044758709357 9.911807609826047
201805280372 2458267.448550347 -50.66466146736275 10.156086985589862
201805280373 2458267.4510619207 -50.13554590149735 10.782132075768319
201805280374 2458267.453573495 -48.0914177065669 10.498883873929733
201805280375 2458267.456085069 -48.575620996007814 10.696220090670135
201805280376 2458267.4585966435 -48.61999260185367 10.592730922998966
