201904190046 2458593.0819878466 42.6 5.287154521529853
201904190047 2458593.0855295137 40.98494076861571 2.6233506169000567
201904190048 2458593.0890711807 41.30179994318275 3.1180239453594205
201904190049 2458593.092612847 41.64821059443365 4.9701656657871505
201904190050 2458593.0961660882 42.01446305757756 3.5231276188935867
201904190051 2458593.099707755 41.96487603049065 3.17625951368428
201904190052 2458593.103249421 44.00784888590969 5.016751246717653
201904190053 2458593.106791088 44.99939649788742 4.260298224864933
201904190054 2458593.1103327544 43.63918936406686 4.373142835736621
201904190055 2458593.1138744215 42.01002068581249 4.694296651719575
201904190056 2458593.117416088 41.664351966922524 4.047635253066724
201904190057 2458593.1209577546 40.84018541952279 3.7515981326293764
201904190058 2458593.124510995 43.55981858469744 4.861522123995791
201904190059 2458593.1280410876 44.2304734535907 5.210625134148687
201904190060 2458593.1315943287 45.80597782970125 6.006859204318748
201904190061 2458593.135135995 43.84799830018544 5.875192807659406
201904190062 2458593.1386776622 44.90232772684089 5.333370043295875
201904190063 2458593.1422193283 44.40650985636678 5.267062383438029
201904190064 2458593.1457609953 45.585400424596315 5.943908433506256
201904190065 2458593.149302662 43.862068179413114 5.717367461516368
201904190066 2458593.152844329 41.52403670617936 5.725937782824249
201904190067 2458593.156385995 40.42957050997025 5.286941646388614
201904190068 2458593.1599392355 41.83589653429372 6.079600311457915
201904190069 2458593.1634809026 41.24994525978329 5.489458614500845
201904190070 2458593.167022569 39.57380692122872 5.439415373094651
201904190071 2458593.1705642357 39.22143357647591 5.784885507758912
201904190072 2458593.1741059027 39.58194981457523 5.225084110415832
201904190073 2458593.1776475688 39.07657229148482 5.157232795981571
201904190074 2458593.1811892358 38.283151543574625 5.427507206807851
201904190075 2458593.1847309023 37.80351987942047 5.0435713747797255
201904190076 2458593.1882725693 37.9821093203288 5.300442837380543
201904190077 2458593.191814236 40.04702601283837 5.156208586311123
201904190078 2458593.1953559024 40.08216154953811 5.159419270956294
201904190079 2458593.198909143 38.99907620855566 5.2827049797536665
201904190080 2458593.20245081 39.601583400923616 4.7469518740391
201904190081 2458593.2059924765 39.528814027668815 4.911026685535845
201904190082 2458593.2095341436 39.80802602893748 5.146885617253742
201904190083 2458593.2130758106 37.97728085336791 4.606481954192466
201904190084 2458593.2166174767 35.484207598857594 4.37761388496863
201904190085 2458593.2201591437 33.43556515205698 4.62564088539646
201904190086 2458593.2237123842 33.190845180532534 4.90186239753629
201904190087 2458593.227242477 33.4811934283908 4.355453123528694
201904190088 2458593.230795718 32.42542584742031 4.395623358518469
201904190089 2458593.2343373843 32.31667706226922 4.568215445332739
201904190090 2458593.237879051 30.78100041349045 4.311501187678079
201904190091 2458593.2414207174 29.632081193888517 4.404665313449941
201904190092 2458593.2449623845 31.275377647590112 4.864598312639392
201904190093 2458593.248504051 29.1415655192853 4.292678149014182
201904190094 2458593.2520457176 31.654588181038527 5.011490688936799
201904190095 2458593.255598958 30.510195653597272 4.472966054948296
201904190096 2458593.2591406247 31.440613310301813 4.192348642981761
201904190097 2458593.2626822917 32.40605376204973 4.231310483321814
201904190098 2458593.266223958 32.88262094709468 4.663976298338082
201904190099 2458593.269765625 34.388786583925096 4.084825170072647
201904190100 2458593.2733072913 34.832069452832314 4.042236122235005
201904190101 2458593.276848958 35.72431138205048 4.2790339394917885
201904190102 2458593.280390625 35.923952421495514 4.449308766070006
201904190103 2458593.2839322914 36.774750443013716 5.1765372125313025
201904190104 2458593.2874739585 36.567553296540765 4.557953754733257
201904190105 2458593.291027199 35.21693110638759 4.532161351202314
201904190106 2458593.294568865 38.07572081891539 4.639112670196965
201904190107 2458593.298110532 40.29076982164323 4.8621833570692345
201904190108 2458593.3016521987 42.43978596811096 4.092561992160706
201904190109 2458593.3051938657 40.73134072304847 4.582380244309704
201904190110 2458593.308735532 41.12346125013419 3.9057656629919832
201904190111 2458593.312277199 38.837062454431035 4.803776775917411
201904190112 2458593.3158188653 39.59577565127055 4.797842367361358
201904190113 2458593.319360532 40.995776211946804 4.162814208824009
201904190114 2458593.322913773 44.240529189687436 4.491210262662837
201904190115 2458593.3264554394 42.89988187820674 4.772325117409424
201904190116 2458593.329997106 43.66692760802519 4.544131100415691
201904190117 2458593.333538773 42.81391842175065 3.936710102600307
201904190118 2458593.3370804396 42.0175706029742 4.569391523693763
201904190119 2458593.3406221066 38.27954493005475 3.9767989463331292
201904190120 2458593.344163773 39.87450706826868 4.389776342858665
201904190121 2458593.34770544 40.8538615975724 4.5479299693270026
201904190122 2458593.351247106 41.65057615913274 4.27188636889945
201904190123 2458593.354788773 41.55265600262341 4.413678628908491
201904190124 2458593.358342014 41.470019475538855 4.429649804050603
201904190125 2458593.361883681 40.47420612086254 4.205648780989839
201904190126 2458593.3654253474 38.87505065222931 4.191504668507297
201904190127 2458593.368967014 38.774702268190275 3.5770081821420163
201904190128 2458593.3725086804 37.27667685301616 4.428067634508144
201904190129 2458593.376050347 37.51677964551913 4.43113600577196
201904190130 2458593.379592014 36.69587328596703 4.281409432545094
201904190131 2458593.3831452546 36.01864991762641 4.36732666074019
201904190132 2458593.386686921 35.987219102217786 3.5488675930152596
201904190133 2458593.3902285877 32.88067753593795 5.8925466995995155
201904190134 2458593.393770254 31.68646490535972 4.3106907559468075
201904190135 2458593.397311921 29.070509926613994 4.555243808524272
201904190136 2458593.400853588 28.570500042320884 4.503052745652017
201904190137 2458593.404395255 28.093305594993303 5.88701654854697
201904190138 2458593.407936921 24.64232108517833 5.800240275208663
201904190139 2458593.411478588 22.178332456407635 4.577819013061176
201904190140 2458593.4150202544 19.279462737807997 3.939188979834295
201904190141 2458593.418561921 18.51885628970492 4.011268540282402
201904190142 2458593.422103588 16.191786117273015 4.6759715030410725
201904190143 2458593.4256568286 13.71747075724889 4.589998241737049
201904190144 2458593.429198495 12.833092583592911 4.425242854487048
201904190145 2458593.4327401617 12.46351275124389 4.177953656462278
201904190146 2458593.436281828 8.584729592724543 5.101532546721575
201904190147 2458593.439823495 7.7864753592516465 5.560299113210881
201904190148 2458593.443365162 3.9640096194036474 5.0963118699066206
201904190149 2458593.4469068283 3.3703243878745823 4.590036839112374
201904190150 2458593.450448495 0.706457430516096 4.518170082180652
201904190151 2458593.454001736 1.9953402128825104 5.348520798533251
201904190152 2458593.4575434024 1.6375961007803213 5.508692950750318
201904190153 2458593.4610850695 3.1850213010236743 4.534204842733969
201904190154 2458593.464626736 3.8202083498631794 4.6117221451323305
201904190155 2458593.4681684026 4.77990193569736 4.711560332343895
201904190156 2458593.4717100696 5.334536435246697 4.714148566895973
201904190157 2458593.475251736 4.937474191322067 5.603071141814286
201904190158 2458593.478793403 4.994070935729312 5.199441232563098
201904190159 2458593.482335069 4.603985127528958 4.4466563740196765
201904190160 2458593.48588831 5.614280028923481 4.81012933521057
201904190161 2458593.489429977 6.048689683705206 5.079296928193383
201904190162 2458593.4929716433 6.396457773501467 4.357109871453247
201904190163 2458593.4965133104 6.335747125012681 5.128220489583323
201904190164 2458593.500054977 6.093640654401661 4.553477060458091
201904190165 2458593.503596643 6.521544512171687 4.854982585001896
201904190166 2458593.50713831 7.723310616373759 4.690053079796515
201904190167 2458593.5106799765 5.97746357704537 4.559578349387266
201904190168 2458593.5142216436 5.759389652795541 4.529911790132231
201904190169 2458593.51776331 5.413275464062991 4.538539370922388
201904190170 2458593.521316551 6.602147229982364 4.534355922868584
201904190171 2458593.524858217 5.555999802877061 4.591821095483683
201904190172 2458593.5283998842 7.4382507373076905 4.5666457405588075
201904190173 2458593.531941551 5.831745270710563 4.442432833132992
201904190174 2458593.535483218 5.385382611439226 4.397146923930214
201904190175 2458593.539024884 5.26805378136703 5.0367110640944235
201904190176 2458593.5425665504 7.678163114840302 5.9464013313093975
201904190177 2458593.5461082174 3.3093790041683135 5.123404011670596
201904190178 2458593.549649884 0.9747811668965412 5.119374739197535
201904190179 2458593.5531915505 -1.0564984791660663 4.777473315922094
201904190180 2458593.5567447916 -1.5134951006121327 4.276522530062516
201904190181 2458593.5602864577 -2.2392156049072724 4.64595277801557
201904190182 2458593.5638281247 -4.141015945417827 4.873780128576348
201904190183 2458593.567369791 -8.214805074389425 4.086701496153686
201904190184 2458593.570911458 -6.690271912640007 5.123782009433598
201904190185 2458593.574453125 -8.643732943520256 5.093264091767448
201904190186 2458593.5779947913 -10.219606276933142 5.63554883518214
201904190187 2458593.581536458 -10.997626021536384 5.1036664143655335
201904190188 2458593.585089699 -12.743013211788885 4.770761809120735
201904190189 2458593.588631366 -11.671077026246905 5.3583731699742
201904190190 2458593.5921730325 -12.260289993035748 5.287367396671091
201904190191 2458593.5957146995 -16.153249503735502 4.469910478582977
201904190192 2458593.5992563656 -17.390227449440992 6.7702293057497185
201904190193 2458593.602798032 -19.235523174311233 4.955464246529911
201904190194 2458593.606339699 -17.289586741484634 7.2948472589664775
201904190195 2458593.6098813657 -17.541534397395445 6.508213411958101
201904190196 2458593.6134346067 -17.580614975239783 5.821853356376723
201904190197 2458593.6169762732 -18.588291806550878 5.825938420332699
201904190198 2458593.62051794 -23.404349780052762 5.744280447431351
201904190199 2458593.6240596063 -19.815200152698928 6.360190327772877
201904190200 2458593.627601273 -24.34949393599492 6.049665561774653
201904190201 2458593.63114294 -21.491422310815047 6.261194794967913
201904190202 2458593.6346846065 -20.8981225748618 6.616456107521304
201904190203 2458593.638226273 -21.51303283396431 6.597349232377714
201904190204 2458593.6417679396 -24.563280378356886 6.588252931266555
201904190205 2458593.6453211806 -19.587415141355798 6.266546927037609
201904190206 2458593.648862847 -24.203163112661123 5.580116268476225
201904190207 2458593.6524045137 -25.811170499336633 6.140680445041014
201904190208 2458593.65594618 -25.12710488840373 6.788640360201648
201904190209 2458593.659487847 -27.861058258712468 5.336343865018019
201904190210 2458593.663029514 -27.97754926584461 5.84222624854445
201904190211 2458593.6665711803 -31.139699582023248 6.374944032592375
201904190212 2458593.670112847 -28.65903435322722 6.200599076787041
201904190213 2458593.6736545134 -27.298896191505712 5.639771843990633
201904190214 2458593.677207754 -28.923550102991392 5.226128241567867
201904190215 2458593.680749421 -29.385187082005167 5.508991503765547
201904190216 2458593.6842910876 -30.212088162881905 6.040571210536499
201904190217 2458593.6878327546 -30.735881748904653 5.789661944756478
201904190218 2458593.691374421 -30.410782928197385 5.247229640181988
201904190219 2458593.6949160877 -29.254519431663958 6.247636452093951
201904190220 2458593.698457754 -30.78480641152681 5.230816949549923
201904190221 2458593.7019994208 -28.214080123208767 5.5556389728364355
201904190222 2458593.705541088 -29.292635537965047 5.684702571093699
201904190223 2458593.709094329 -26.01094025127987 5.703007113477319
201904190224 2458593.7126359954 -27.630767610264463 4.957197897944904
201904190225 2458593.716177662 -27.555996137671364 5.035105277317837
201904190226 2458593.7197193285 -25.76932802873342 5.211023903235291
201904190227 2458593.7232609955 -23.472449112365204 5.5832337362675455
201904190228 2458593.726802662 -21.74616164031263 5.597047653029854
201904190229 2458593.730344329 -23.020242306514355 6.089050448413267
201904190230 2458593.733885995 -24.07951205904144 5.4574486993209135
201904190231 2458593.737427662 -23.360152311004292 5.636782460519986
201904190232 2458593.7409693287 -24.916234032980064 5.869960665709387
201904190233 2458593.7445109957 -23.937399422632872 5.829213636345465
201904190234 2458593.7480642362 -25.13641245161208 5.885833837905497
201904190235 2458593.7516059023 -24.186847106307987 5.677809681950377
201904190236 2458593.7551475693 -23.825858570684325 5.859851151523683
201904190237 2458593.758689236 -25.532244285819964 5.901501963948715
201904190238 2458593.762230903 -25.473343333983202 5.482101258015447
201904190239 2458593.7657725695 -23.34688053874438 5.8036011476749945
201904190240 2458593.7693142355 -27.39853542983159 5.042290079000786
201904190241 2458593.7728559026 -29.97775447031028 5.0480489620067095
201904190242 2458593.776409143 -29.305652564633583 5.603758890824353
201904190243 2458593.77995081 -27.968790197613124 5.530889638324844
201904190244 2458593.7834924767 -27.508294047185963 5.546023801253547
201904190245 2458593.7870341437 -26.341256248538023 5.516795224231381
201904190246 2458593.79057581 -26.40657039484173 5.413347341925454
201904190247 2458593.7941174763 -29.541432636583572 5.452776169476121
201904190248 2458593.7976591433 -32.20354387951296 5.338141741104038
201904190249 2458593.80120081 -32.92774076729244 6.036492932867303
201904190250 2458593.804742477 -33.067391136229155 6.507127468030922
201904190251 2458593.808284143 -34.42524853800649 7.187315660482676
201904190252 2458593.811837384 -33.4837417361202 6.765965651316103
201904190253 2458593.8153790506 -35.35855038375335 6.924096195854914
201904190254 2458593.818920717 -33.898833776809475 7.226916307533951
201904190255 2458593.822462384 -35.948022070596444 7.396433289227634
201904190256 2458593.8260040507 -34.83002159849713 7.290364441242894
201904190257 2458593.829545717 -38.02351884240617 6.9200446472406965
201904190258 2458593.833087384 -39.48321015771642 6.916113037547723
201904190259 2458593.836629051 -39.99406529287811 6.930972956706936
201904190260 2458593.840170718 -40.44589823162914 7.688065672710506
201904190261 2458593.8437239584 -39.037715250997046 6.83778077441727
201904190262 2458593.847265625 -39.113914236654075 6.276594398236642
201904190263 2458593.8508072915 -38.262659161021865 6.19325279766248
201904190264 2458593.8543489585 -37.57514841867427 6.0905869185837185
201904190265 2458593.857890625 -38.03665913918908 7.411011317781795
201904190266 2458593.861432292 -34.48071850449522 6.928126107225722
201904190267 2458593.864973958 -34.46689078786856 6.204873828086354
201904190268 2458593.8685271987 -34.77514621732015 6.3752295782865716
201904190269 2458593.8720572917 -33.47424572128289 6.122087209550625
201904190270 2458593.8756105322 -30.64255443373535 6.367659648852399
201904190271 2458593.879152199 -33.829093932347696 5.02881331148804
201904190272 2458593.882693866 -30.26855239979816 5.559161509287382
201904190273 2458593.886235532 -30.298687080030867 6.371676988760042
201904190274 2458593.889777199 -29.18806870147511 5.720461852883839
201904190275 2458593.8933188654 -33.985747012754906 5.031497401182581
201904190276 2458593.8968605325 -31.067595709365342 5.591497968692262
201904190277 2458593.900402199 -31.644055280467718 5.134604387344059
201904190278 2458593.9039438656 -30.89015059254171 5.534148406335912
201904190279 2458593.907497106 -31.28497493526084 5.3232034234625685
201904190280 2458593.911038773 -25.532513941259417 5.695690880494391
201904190281 2458593.9145804397 -27.71975151427474 5.730196244511233
201904190282 2458593.918122106 -28.947477336057283 5.6570916527700374
201904190283 2458593.921663773 -32.52338631303656 5.659795854857732
201904190284 2458593.9252054393 -34.90911153866896 5.964340096480485
201904190285 2458593.9287471063 -30.588875472566052 6.6115760935552395
201904190286 2458593.932288773 -34.84410170105762 6.537487147579173
201904190287 2458593.9358420135 -36.171676928472415 6.402489913574687
201904190288 2458593.9393836805 -38.708736359579326 6.486981094526243
201904190289 2458593.9429253465 -38.69399567090958 7.836337688331253
201904190290 2458593.9464670136 -39.449272296179736 7.590612853569484
201904190291 2458593.95000868 -40.718748734041036 7.4241364619995505
201904190292 2458593.953550347 -40.94938510780215 7.591324723954489
201904190293 2458593.9570920137 -39.69198461508886 7.518762828538316
201904190294 2458593.96063368 -39.65588162821546 7.5836195634328964
201904190295 2458593.9641753472 -42.64021876036528 7.611739193359854
201904190296 2458593.967717014 -39.374186003786555 6.492932533155877
201904190297 2458593.971270255 -41.068230491567924 7.702505802932526
201904190298 2458593.9748119214 -39.39977883715661 7.810691771900102
201904190299 2458593.978353588 -39.371538259815004 6.718928980395508
201904190300 2458593.9818952545 -38.107148830136715 6.400858725211011
201904190301 2458593.985436921 -38.851523129936304 6.92224231244474
201904190302 2458593.988978588 -42.106755372001594 6.238210414180143
201904190303 2458593.9925202546 -35.19348977791805 7.8207272552843135
201904190304 2458593.9960734956 -38.31817986900834 7.238291564664034
201904190305 2458593.999615162 -37.13588078686514 7.019247339270173
201904190450 2458594.5133304396 -36.3730904721556 9.424679315903141
201904190451 2458594.51688368 -33.953908164764776 9.066590987978518
201904190452 2458594.520425347 -35.74617659334728 8.132424329263623
201904190453 2458594.5239670137 -40.181390889072 9.15593901502713
201904190454 2458594.5275086802 -39.436280236365995 9.39848834543727
201904190455 2458594.5310503473 -37.7883656274902 8.468873651922117
201904190456 2458594.5345920133 -37.62151103579915 9.249089585686505
201904190457 2458594.5381336804 -35.088743541916706 9.541228055275075
201904190458 2458594.541675347 -34.137001242586656 9.42031608749282
201904190459 2458594.5452285875 -38.628587566082 9.302339983440444
