201903120015 2458555.1266886573 -2.8499999999999996 8.88433097614588
201903120016 2458555.1278229165 -2.334485556862467 6.171928871651137
201903120017 2458555.128957176 -36.43971967920736 8.00110496832475
201903120018 2458555.1300914357 -41.912421352985696 8.347890071638606
201903120019 2458555.131225695 -105.21340834671062 8.920975277069298
201903120020 2458555.132371528 -78.23841661173526 8.272554939400704
201903120021 2458555.1335057872 -100.07521885574398 9.03367519398046
201903120022 2458555.1346400464 -44.456040566969385 3.6607092150918716
201903120023 2458555.1357743056 -15.670319005994365 5.2336020365780564
201903120024 2458555.136908565 2.815650190207692 6.675638046716585
201903120025 2458555.1380428243 24.11639684098943 7.26774830625301
201903120026 2458555.1391770835 76.43729472787551 19.739024728371465
201903120027 2458555.1403113427 31.230002856748563 8.117246917274144
201903120028 2458555.141445602 31.13455834026157 15.37551416764285
201903120029 2458555.1425914355 5.580482274311523 6.250028888080538
201903120030 2458555.1437256946 -29.60039464875789 5.011486986281689
201903120031 2458555.144859954 -38.59489339522918 7.003249354137601
201903120032 2458555.1459942134 -91.2343038251592 7.868640516875412
201903120033 2458555.1471284726 -78.92009073359225 7.1748661959846
201903120034 2458555.1482627317 -76.98615686839594 9.509899591836096
201903120035 2458555.149396991 -52.33090242206807 5.223505289419816
201903120036 2458555.15053125 -14.345078175005842 4.564944705592455
201903120037 2458555.151665509 6.287622412767675 6.7372448993548
201903120038 2458555.152811343 25.379095388658143 7.184481489836013
201903120039 2458555.153945602 57.72126719703241 9.805296939163854
201903120040 2458555.155079861 48.57438079204588 7.907247935035577
201903120041 2458555.156214121 70.01302433835177 11.417294150015778
201903120042 2458555.15734838 6.4545635569631425 6.013418986292447
201903120043 2458555.158482639 1.0455367543693712 5.062685752076083
201903120044 2458555.1596168983 -25.98153841554967 6.608642256293683
201903120045 2458555.160751158 -62.63547734753584 7.101303467678438
201903120046 2458555.161885417 -91.19565563051067 9.668588418965351
201903120047 2458555.163019676 -46.04749497492979 6.679614254874781
201903120048 2458555.1641655094 -56.438443639873505 6.247940317310473
201903120049 2458555.1652997686 -2.541767828948738 4.695597664350954
201903120050 2458555.1664340277 18.80248636060618 8.597050322146714
201903120051 2458555.167568287 41.41920828217368 9.173722394499944
201903120052 2458555.168702546 63.6405532667796 13.720875839428713
201903120053 2458555.169836805 96.47898763269703 16.559089519670536
201903120054 2458555.170971065 81.87744199401699 17.14113160361524
201903120055 2458555.1721053245 65.49245483863344 11.246950582136465
201903120056 2458555.1732395836 37.164837488327166 8.370339719504898
201903120057 2458555.174373843 -0.6111552692511721 8.159449961276762
201903120058 2458555.175519676 -6.5360931032794625 8.46775902029835
201903120059 2458555.176653935 -17.23283008541341 11.010222942780073
201903120060 2458555.1777881943 -27.1036509694058 8.847686675222464
201903120061 2458555.178922454 -21.092549079347478 8.133117465991527
201903120062 2458555.180056713 -8.138065306066945 7.424082166650575
201903120063 2458555.181190972 23.046449951745657 7.845795261101112
201903120064 2458555.1823252314 52.15762057299816 7.613544120129051
201903120065 2458555.1834594905 74.1735836700418 9.246428671334078
201903120066 2458555.1845937497 121.49144648470613 12.720943857172882
201903120067 2458555.1857395833 77.94265147248596 10.717840928082953
201903120068 2458555.186873843 85.13712918186826 10.052692361096742
201903120069 2458555.188008102 117.39153099603801 11.824527466450787
201903120070 2458555.1891423613 29.001212651846934 9.48887871288339
201903120071 2458555.1902766204 45.70452443209038 11.048656685907588
201903120072 2458555.1914108796 -8.557393711191928 9.486511360665066
201903120073 2458555.1925451388 -13.44163247094579 11.926847698733583
201903120074 2458555.193679398 29.53887910385673 9.777034852460728
201903120075 2458555.1948136576 -0.6537146304918648 9.822111463512305
201903120076 2458555.1959479167 56.49219177362972 8.650900060131283
201903120077 2458555.19709375 85.27850701141091 9.716964929313109
201903120078 2458555.1982280095 108.68881010688223 10.124428694173094
201903120089 2458555.513482639 -63.6780953546746 28.22804250962283
201903120090 2458555.5146168983 -44.358377067261245 27.92959597568314
201903120091 2458555.5157511574 -28.519946647948146 29.96752267178481
201903120092 2458555.5168854166 -15.313486643671208 29.57679869563487
201903120093 2458555.518019676 -2.002042758635924 30.481441989206417
201903120094 2458555.5191539354 22.903591336668654 33.336574877147925
201903120095 2458555.520288195 0.18829638269055282 30.518947740047228
201903120096 2458555.521422454 -0.20505701038799717 29.371901447179564
201903120097 2458555.5225567133 4.319893009687596 29.71396428576206
201903120098 2458555.5237025465 -18.027409599080965 30.798014145548606
