202011060107 2459160.215011574 22292.191059309556 1 76
202011060107 2459160.215011574 22461.033376639192 1 84
202011060107 2459160.215011574 22444.87919100848 1 85
202011060107 2459160.215011574 22389.31085261028 1 86
202011060107 2459160.215011574 21905.50193509807 1 89
202011060107 2459160.215011574 22843.539786636615 1 90
202011060107 2459160.215011574 22361.725017861514 1 92
202011060107 2459160.215011574 22395.929762551794 1 93
202011060107 2459160.215011574 22424.117520769105 1 94
202011060107 2459160.215011574 22795.829825226418 1 95
202011060107 2459160.215011574 22015.81278899835 1 98
202011060107 2459160.215011574 22692.354782749375 1 99
202011060107 2459160.215011574 nan nan 100
202011060107 2459160.215011574 21935.312555421773 1 101
202011060107 2459160.215011574 22264.936677879028 1 102
202011060107 2459160.215011574 22404.02201507467 1 103
202011060107 2459160.215011574 22574.532158666152 1 104
202011060107 2459160.215011574 nan nan 105
202011060107 2459160.215011574 21933.957717655416 1 106
202011060107 2459160.215011574 22276.3361700328 1 107
202011060107 2459160.215011574 22325.467372094357 1 108
202011060107 2459160.215011574 22335.620196027972 1 109
202011060107 2459160.215011574 22768.73367518975 1 110
202011060107 2459160.215011574 22197.930660817216 1 111
202011060107 2459160.215011574 22672.37504125805 1 112
202011060107 2459160.215011574 nan nan 113
202011060107 2459160.215011574 21893.8652050747 1 114
202011060107 2459160.215011574 22405.62826856574 1 115
202011060107 2459160.215011574 22345.10319978052 1 116
202011060107 2459160.215011574 22230.831286361798 1 117
202011060107 2459160.215011574 22340.884735193802 1 118
202011060107 2459160.215011574 22223.590535591073 1 119
202011060107 2459160.215011574 22313.06395113227 1 120
202011060107 2459160.215011574 22365.810905683982 1 121
202011060107 2459160.215011574 22290.67302256452 1 122
202011060107 2459160.215011574 22294.407441889918 1 123
202011060107 2459160.215011574 22412.421861844403 1 124
202011060107 2459160.215011574 22301.661800728245 1 125
202011060107 2459160.215011574 22369.70987299907 1 126
202011060107 2459160.215011574 22310.571079790247 1 127
202011060107 2459160.215011574 22216.753847117045 1 128
202011060107 2459160.215011574 22438.933185119342 1 129
202011060107 2459160.215011574 22119.172099146086 1 130
202011060107 2459160.215011574 22266.49497837775 1 131
202011060107 2459160.215011574 22338.74026845352 1 132
202011060107 2459160.215011574 22381.951736067625 1 133
202011060108 2459160.226747685 22324.14139451289 1 76
202011060108 2459160.226747685 22361.935013917584 1 84
202011060108 2459160.226747685 22341.345302812668 1 85
202011060108 2459160.226747685 22388.8804225345 1 86
202011060108 2459160.226747685 21866.681941012685 1 89
202011060108 2459160.226747685 22603.75564505974 1 90
202011060108 2459160.226747685 22301.846051090866 1 92
202011060108 2459160.226747685 22427.46059368201 1 93
202011060108 2459160.226747685 22425.95346779883 1 94
202011060108 2459160.226747685 23048.464238392222 1 95
202011060108 2459160.226747685 21929.012297129262 1 98
202011060108 2459160.226747685 22790.525973258373 1 99
202011060108 2459160.226747685 nan nan 100
202011060108 2459160.226747685 21891.93959848424 1 101
202011060108 2459160.226747685 22263.166088141534 1 102
202011060108 2459160.226747685 22377.97197669483 1 103
202011060108 2459160.226747685 22613.640802853 1 104
202011060108 2459160.226747685 nan nan 105
202011060108 2459160.226747685 21871.946649293735 1 106
202011060108 2459160.226747685 22223.085389728105 1 107
202011060108 2459160.226747685 22228.389762308692 1 108
202011060108 2459160.226747685 22323.875633215273 1 109
202011060108 2459160.226747685 22760.09716227895 1 110
202011060108 2459160.226747685 22132.64503995506 1 111
202011060108 2459160.226747685 22700.618184209332 1 112
202011060108 2459160.226747685 nan nan 113
202011060108 2459160.226747685 21903.762397980183 1 114
202011060108 2459160.226747685 22441.04315662996 1 115
202011060108 2459160.226747685 22367.49845107033 1 116
202011060108 2459160.226747685 22265.916786535883 1 117
202011060108 2459160.226747685 22321.063308558863 1 118
202011060108 2459160.226747685 22257.916553284424 1 119
202011060108 2459160.226747685 22265.8709529229 1 120
202011060108 2459160.226747685 22363.341601124695 1 121
202011060108 2459160.226747685 22307.00972726404 1 122
202011060108 2459160.226747685 22285.168341426783 1 123
202011060108 2459160.226747685 22282.018437180835 1 124
202011060108 2459160.226747685 22325.3576399568 1 125
202011060108 2459160.226747685 22268.707915135037 1 126
202011060108 2459160.226747685 22297.851942047524 1 127
202011060108 2459160.226747685 22251.739519784056 1 128
202011060108 2459160.226747685 22365.770353959546 1 129
202011060108 2459160.226747685 22290.24633355854 1 130
202011060108 2459160.226747685 22364.587520213645 1 131
202011060108 2459160.226747685 22259.474950162217 1 132
202011060108 2459160.226747685 22438.002531108174 1 133
202011060109 2459160.2383333333 22271.44897973181 1 76
202011060109 2459160.2383333333 22375.744827701263 1 84
202011060109 2459160.2383333333 22313.529775501967 1 85
202011060109 2459160.2383333333 22336.016398159867 1 86
202011060109 2459160.2383333333 21871.838002044748 1 89
202011060109 2459160.2383333333 22682.980055307435 1 90
202011060109 2459160.2383333333 22329.48360853803 1 92
202011060109 2459160.2383333333 22383.497678918633 1 93
202011060109 2459160.2383333333 22401.52773494779 1 94
202011060109 2459160.2383333333 22829.11517040691 1 95
202011060109 2459160.2383333333 21940.330878766912 1 98
202011060109 2459160.2383333333 22723.58416538659 1 99
202011060109 2459160.2383333333 nan nan 100
202011060109 2459160.2383333333 21829.76787630592 1 101
202011060109 2459160.2383333333 22211.5391235345 1 102
202011060109 2459160.2383333333 22316.091322993292 1 103
202011060109 2459160.2383333333 22521.97441070542 1 104
202011060109 2459160.2383333333 nan nan 105
202011060109 2459160.2383333333 21857.059659029037 1 106
202011060109 2459160.2383333333 22232.305408892567 1 107
202011060109 2459160.2383333333 22199.499918859925 1 108
202011060109 2459160.2383333333 22322.61820869711 1 109
202011060109 2459160.2383333333 22755.609162059172 1 110
202011060109 2459160.2383333333 22120.327548715028 1 111
202011060109 2459160.2383333333 22728.646177319286 1 112
202011060109 2459160.2383333333 nan nan 113
202011060109 2459160.2383333333 21944.147855192034 1 114
202011060109 2459160.2383333333 22402.83161592666 1 115
202011060109 2459160.2383333333 22335.687847707875 1 116
202011060109 2459160.2383333333 22239.600833122884 1 117
202011060109 2459160.2383333333 22356.92835067375 1 118
202011060109 2459160.2383333333 22206.770700109886 1 119
202011060109 2459160.2383333333 22321.303715254704 1 120
202011060109 2459160.2383333333 22424.86024527518 1 121
202011060109 2459160.2383333333 22265.906251050666 1 122
202011060109 2459160.2383333333 22294.883870405436 1 123
202011060109 2459160.2383333333 22283.88072790581 1 124
202011060109 2459160.2383333333 22291.08695816035 1 125
202011060109 2459160.2383333333 22258.176693988884 1 126
202011060109 2459160.2383333333 22222.876035213958 1 127
202011060109 2459160.2383333333 22160.472601679037 1 128
202011060109 2459160.2383333333 22322.484295189337 1 129
202011060109 2459160.2383333333 22304.941168977635 1 130
202011060109 2459160.2383333333 22363.230543528283 1 131
202011060109 2459160.2383333333 22220.96819698479 1 132
202011060109 2459160.2383333333 22390.989638443432 1 133
202011060110 2459160.2499074074 22308.131575911848 1 76
202011060110 2459160.2499074074 22410.59890275499 1 84
202011060110 2459160.2499074074 22259.208823031837 1 85
202011060110 2459160.2499074074 22283.419409050144 1 86
202011060110 2459160.2499074074 21886.621451820345 1 89
202011060110 2459160.2499074074 22695.293424733623 1 90
202011060110 2459160.2499074074 22322.583702653847 1 92
202011060110 2459160.2499074074 22403.453695696684 1 93
202011060110 2459160.2499074074 22388.384593133287 1 94
202011060110 2459160.2499074074 22889.84990694446 1 95
202011060110 2459160.2499074074 21853.09343398951 1 98
202011060110 2459160.2499074074 22637.106685800652 1 99
202011060110 2459160.2499074074 nan nan 100
202011060110 2459160.2499074074 21822.240555473058 1 101
202011060110 2459160.2499074074 22200.743418062888 1 102
202011060110 2459160.2499074074 22311.5291727641 1 103
202011060110 2459160.2499074074 22556.20345974078 1 104
202011060110 2459160.2499074074 nan nan 105
202011060110 2459160.2499074074 21832.904126127494 1 106
202011060110 2459160.2499074074 22210.910746996728 1 107
202011060110 2459160.2499074074 22236.99168222375 1 108
202011060110 2459160.2499074074 22284.313943829813 1 109
202011060110 2459160.2499074074 22693.725958743926 1 110
202011060110 2459160.2499074074 22111.29614562874 1 111
202011060110 2459160.2499074074 22745.7075453287 1 112
202011060110 2459160.2499074074 nan nan 113
202011060110 2459160.2499074074 21796.28924969352 1 114
202011060110 2459160.2499074074 22424.33557963282 1 115
202011060110 2459160.2499074074 22251.285177404443 1 116
202011060110 2459160.2499074074 22244.957910573834 1 117
202011060110 2459160.2499074074 22294.396375373763 1 118
202011060110 2459160.2499074074 22231.461571300744 1 119
202011060110 2459160.2499074074 22270.585692865447 1 120
202011060110 2459160.2499074074 22330.040508969618 1 121
202011060110 2459160.2499074074 22300.73365956795 1 122
202011060110 2459160.2499074074 22277.015057029017 1 123
202011060110 2459160.2499074074 22304.58746765147 1 124
202011060110 2459160.2499074074 22314.887234329515 1 125
202011060110 2459160.2499074074 22315.312708111065 1 126
202011060110 2459160.2499074074 22223.774285920616 1 127
202011060110 2459160.2499074074 22238.9949037234 1 128
202011060110 2459160.2499074074 22289.815029760815 1 129
202011060110 2459160.2499074074 22324.55232310287 1 130
202011060110 2459160.2499074074 22285.507598541924 1 131
202011060110 2459160.2499074074 22264.659718378283 1 132
202011060110 2459160.2499074074 22297.369054322382 1 133
202011060111 2459160.2614814816 22275.382276886452 1 76
202011060111 2459160.2614814816 22343.867498061933 1 84
202011060111 2459160.2614814816 22318.8823144578 1 85
202011060111 2459160.2614814816 22320.086966775583 1 86
202011060111 2459160.2614814816 21835.4054562072 1 89
202011060111 2459160.2614814816 22774.759960043193 1 90
202011060111 2459160.2614814816 22308.9124095958 1 92
202011060111 2459160.2614814816 22398.702028918226 1 93
202011060111 2459160.2614814816 22416.07214554744 1 94
202011060111 2459160.2614814816 22851.033230657704 1 95
202011060111 2459160.2614814816 21931.405077592477 1 98
202011060111 2459160.2614814816 22699.107095741598 1 99
202011060111 2459160.2614814816 nan nan 100
202011060111 2459160.2614814816 21808.251843243303 1 101
202011060111 2459160.2614814816 22228.58547392166 1 102
202011060111 2459160.2614814816 22322.332251127584 1 103
202011060111 2459160.2614814816 22365.452289330693 1 104
202011060111 2459160.2614814816 nan nan 105
202011060111 2459160.2614814816 21793.73951092438 1 106
202011060111 2459160.2614814816 22196.072171242675 1 107
202011060111 2459160.2614814816 22232.493619594898 1 108
202011060111 2459160.2614814816 22304.89442784391 1 109
202011060111 2459160.2614814816 22796.028231464345 1 110
202011060111 2459160.2614814816 22081.57659887732 1 111
202011060111 2459160.2614814816 22729.072647819332 1 112
202011060111 2459160.2614814816 nan nan 113
202011060111 2459160.2614814816 21866.68347857497 1 114
202011060111 2459160.2614814816 22385.365334817543 1 115
202011060111 2459160.2614814816 22312.70339849839 1 116
202011060111 2459160.2614814816 22181.80430125515 1 117
202011060111 2459160.2614814816 22310.228471231832 1 118
202011060111 2459160.2614814816 22215.89455736469 1 119
202011060111 2459160.2614814816 22223.305313828838 1 120
202011060111 2459160.2614814816 22330.962740510706 1 121
202011060111 2459160.2614814816 22340.565741226666 1 122
202011060111 2459160.2614814816 22284.112720127254 1 123
202011060111 2459160.2614814816 22250.330837612895 1 124
202011060111 2459160.2614814816 22315.084985519818 1 125
202011060111 2459160.2614814816 22316.683634039076 1 126
202011060111 2459160.2614814816 22244.73353435407 1 127
202011060111 2459160.2614814816 22230.003767001454 1 128
202011060111 2459160.2614814816 22333.403058954977 1 129
202011060111 2459160.2614814816 22401.393093963314 1 130
202011060111 2459160.2614814816 22371.224270589628 1 131
202011060111 2459160.2614814816 22450.46625799893 1 132
202011060111 2459160.2614814816 22382.264438011996 1 133
202011060112 2459160.27306713 22255.435587575746 1 76
202011060112 2459160.27306713 22381.781489241253 1 84
202011060112 2459160.27306713 22273.299505220817 1 85
202011060112 2459160.27306713 22259.042022827354 1 86
202011060112 2459160.27306713 21856.88746553747 1 89
202011060112 2459160.27306713 22678.242696511952 1 90
202011060112 2459160.27306713 22325.4825529969 1 92
202011060112 2459160.27306713 22400.517536502528 1 93
202011060112 2459160.27306713 22392.542323833914 1 94
202011060112 2459160.27306713 22863.39190595319 1 95
202011060112 2459160.27306713 21936.526823719996 1 98
202011060112 2459160.27306713 22737.867389469866 1 99
202011060112 2459160.27306713 nan nan 100
202011060112 2459160.27306713 21903.95232476259 1 101
202011060112 2459160.27306713 22204.614296684154 1 102
202011060112 2459160.27306713 22291.7271813201 1 103
202011060112 2459160.27306713 22581.47699740881 1 104
202011060112 2459160.27306713 nan nan 105
202011060112 2459160.27306713 21854.568464412827 1 106
202011060112 2459160.27306713 22247.408153055858 1 107
202011060112 2459160.27306713 22253.607181354997 1 108
202011060112 2459160.27306713 22338.72344987021 1 109
202011060112 2459160.27306713 22718.607581228694 1 110
202011060112 2459160.27306713 22107.605789201367 1 111
202011060112 2459160.27306713 22667.575631233813 1 112
202011060112 2459160.27306713 nan nan 113
202011060112 2459160.27306713 21911.60992829415 1 114
202011060112 2459160.27306713 22416.415430732854 1 115
202011060112 2459160.27306713 22348.919041812198 1 116
202011060112 2459160.27306713 22241.445511899263 1 117
202011060112 2459160.27306713 22280.73644702422 1 118
202011060112 2459160.27306713 22290.190114103203 1 119
202011060112 2459160.27306713 22242.745316282944 1 120
202011060112 2459160.27306713 22373.39042678934 1 121
202011060112 2459160.27306713 22380.3958824734 1 122
202011060112 2459160.27306713 22260.42719768605 1 123
202011060112 2459160.27306713 22249.229037250087 1 124
202011060112 2459160.27306713 22248.318562893837 1 125
202011060112 2459160.27306713 22284.446123220067 1 126
202011060112 2459160.27306713 22227.615985098597 1 127
202011060112 2459160.27306713 22236.318838256182 1 128
202011060112 2459160.27306713 22327.160575663336 1 129
202011060112 2459160.27306713 22244.878324053738 1 130
202011060112 2459160.27306713 22357.535642020015 1 131
202011060112 2459160.27306713 22233.919975530225 1 132
202011060112 2459160.27306713 22356.888293329604 1 133
202011060113 2459160.284641204 22238.38888086688 1 76
202011060113 2459160.284641204 22409.275233035143 1 84
202011060113 2459160.284641204 22356.978782576556 1 85
202011060113 2459160.284641204 22301.218205893645 1 86
202011060113 2459160.284641204 21880.8132781727 1 89
202011060113 2459160.284641204 22759.993067555322 1 90
202011060113 2459160.284641204 22336.54185740159 1 92
202011060113 2459160.284641204 22408.079560041304 1 93
202011060113 2459160.284641204 22424.73659170015 1 94
202011060113 2459160.284641204 22999.56792062585 1 95
202011060113 2459160.284641204 21927.45700784916 1 98
202011060113 2459160.284641204 22743.655481597092 1 99
202011060113 2459160.284641204 nan nan 100
202011060113 2459160.284641204 21880.69648744788 1 101
202011060113 2459160.284641204 22212.58284184464 1 102
202011060113 2459160.284641204 22307.150007737233 1 103
202011060113 2459160.284641204 22573.362232832296 1 104
202011060113 2459160.284641204 nan nan 105
202011060113 2459160.284641204 21898.006376532816 1 106
202011060113 2459160.284641204 22276.428185278102 1 107
202011060113 2459160.284641204 22299.61494143765 1 108
202011060113 2459160.284641204 22270.673880094066 1 109
202011060113 2459160.284641204 22694.402413527052 1 110
202011060113 2459160.284641204 22132.81253441966 1 111
202011060113 2459160.284641204 22738.337430290667 1 112
202011060113 2459160.284641204 nan nan 113
202011060113 2459160.284641204 21932.94244902537 1 114
202011060113 2459160.284641204 22415.594853063732 1 115
202011060113 2459160.284641204 22324.647369113798 1 116
202011060113 2459160.284641204 22201.775908654636 1 117
202011060113 2459160.284641204 22417.587964791266 1 118
202011060113 2459160.284641204 22212.98299467202 1 119
202011060113 2459160.284641204 22269.997561324664 1 120
202011060113 2459160.284641204 22307.87196105033 1 121
202011060113 2459160.284641204 22333.891007794922 1 122
202011060113 2459160.284641204 22339.72954660127 1 123
202011060113 2459160.284641204 22320.534673561746 1 124
202011060113 2459160.284641204 22350.022658884198 1 125
202011060113 2459160.284641204 22390.64344445313 1 126
202011060113 2459160.284641204 22309.283516486896 1 127
202011060113 2459160.284641204 22245.116052251156 1 128
202011060113 2459160.284641204 22427.655163585277 1 129
202011060113 2459160.284641204 22313.6999849562 1 130
202011060113 2459160.284641204 22302.09008779381 1 131
202011060113 2459160.284641204 22343.387135026886 1 132
202011060113 2459160.284641204 22375.197923102445 1 133
202011060114 2459160.2962268516 22300.341726083578 1 76
202011060114 2459160.2962268516 22376.94441432428 1 84
202011060114 2459160.2962268516 22315.792656531525 1 85
202011060114 2459160.2962268516 22324.727231241803 1 86
202011060114 2459160.2962268516 21848.452579070567 1 89
202011060114 2459160.2962268516 22607.52371166322 1 90
202011060114 2459160.2962268516 22290.68383386453 1 92
202011060114 2459160.2962268516 22396.494656994262 1 93
202011060114 2459160.2962268516 22334.28556218913 1 94
202011060114 2459160.2962268516 22860.90721441598 1 95
202011060114 2459160.2962268516 21911.395392104932 1 98
202011060114 2459160.2962268516 22705.41448102232 1 99
202011060114 2459160.2962268516 nan nan 100
202011060114 2459160.2962268516 21792.44462189495 1 101
202011060114 2459160.2962268516 22192.102418036542 1 102
202011060114 2459160.2962268516 22330.803439677595 1 103
202011060114 2459160.2962268516 22541.453246564135 1 104
202011060114 2459160.2962268516 nan nan 105
202011060114 2459160.2962268516 21897.6001218097 1 106
202011060114 2459160.2962268516 22228.386860621114 1 107
202011060114 2459160.2962268516 22208.2180991251 1 108
202011060114 2459160.2962268516 22267.738349315343 1 109
202011060114 2459160.2962268516 22675.72283756961 1 110
202011060114 2459160.2962268516 22127.336578029695 1 111
202011060114 2459160.2962268516 22626.837848004852 1 112
202011060114 2459160.2962268516 nan nan 113
202011060114 2459160.2962268516 21901.146393010396 1 114
202011060114 2459160.2962268516 22399.222419998296 1 115
202011060114 2459160.2962268516 22300.88475364619 1 116
202011060114 2459160.2962268516 22195.054275538965 1 117
202011060114 2459160.2962268516 22306.90021262674 1 118
202011060114 2459160.2962268516 22180.113966561436 1 119
202011060114 2459160.2962268516 22245.18670685016 1 120
202011060114 2459160.2962268516 22342.535702203364 1 121
202011060114 2459160.2962268516 22275.893597034512 1 122
202011060114 2459160.2962268516 22268.308936015223 1 123
202011060114 2459160.2962268516 22288.59721035679 1 124
202011060114 2459160.2962268516 22301.900697449466 1 125
202011060114 2459160.2962268516 22347.858888477956 1 126
202011060114 2459160.2962268516 22279.813097930106 1 127
202011060114 2459160.2962268516 22187.549658554537 1 128
202011060114 2459160.2962268516 22358.155190904272 1 129
202011060114 2459160.2962268516 22414.715204475404 1 130
202011060114 2459160.2962268516 22250.42392629262 1 131
202011060114 2459160.2962268516 22316.27278771521 1 132
202011060114 2459160.2962268516 22371.930445120317 1 133
202011060115 2459160.307800926 22220.317584622346 1 76
202011060115 2459160.307800926 22305.512305128403 1 84
202011060115 2459160.307800926 22243.800151353113 1 85
202011060115 2459160.307800926 22275.34772299382 1 86
202011060115 2459160.307800926 21842.057108471057 1 89
202011060115 2459160.307800926 22718.998203658844 1 90
202011060115 2459160.307800926 22295.86182330727 1 92
202011060115 2459160.307800926 22352.12880945941 1 93
202011060115 2459160.307800926 22370.165052983415 1 94
202011060115 2459160.307800926 22769.288796242792 1 95
202011060115 2459160.307800926 21852.617788928936 1 98
202011060115 2459160.307800926 22686.960585739624 1 99
202011060115 2459160.307800926 nan nan 100
202011060115 2459160.307800926 21794.73124463687 1 101
202011060115 2459160.307800926 22166.69530520561 1 102
202011060115 2459160.307800926 22281.221926578604 1 103
202011060115 2459160.307800926 22475.345223377615 1 104
202011060115 2459160.307800926 nan nan 105
202011060115 2459160.307800926 22028.626061152823 1 106
202011060115 2459160.307800926 22148.20123198311 1 107
202011060115 2459160.307800926 22214.62269663512 1 108
202011060115 2459160.307800926 22296.66704060882 1 109
202011060115 2459160.307800926 22690.240232498007 1 110
202011060115 2459160.307800926 22060.611446564584 1 111
202011060115 2459160.307800926 22628.2296287049 1 112
202011060115 2459160.307800926 nan nan 113
202011060115 2459160.307800926 21915.858677761433 1 114
202011060115 2459160.307800926 22397.599330393823 1 115
202011060115 2459160.307800926 22279.451983660747 1 116
202011060115 2459160.307800926 22162.927480794096 1 117
202011060115 2459160.307800926 22214.83599355437 1 118
202011060115 2459160.307800926 22174.76763460485 1 119
202011060115 2459160.307800926 22176.30215648063 1 120
202011060115 2459160.307800926 22292.903236499988 1 121
202011060115 2459160.307800926 22235.934409787144 1 122
202011060115 2459160.307800926 22346.948593931043 1 123
202011060115 2459160.307800926 22216.01687780252 1 124
202011060115 2459160.307800926 22261.722224359826 1 125
202011060115 2459160.307800926 22180.583247080234 1 126
202011060115 2459160.307800926 22236.937333325608 1 127
202011060115 2459160.307800926 22210.99484649046 1 128
202011060115 2459160.307800926 22271.771249348916 1 129
202011060115 2459160.307800926 21977.781505976483 1 130
202011060115 2459160.307800926 22254.743218470474 1 131
202011060115 2459160.307800926 22328.55969689843 1 132
202011060115 2459160.307800926 22390.648741805642 1 133
202011060116 2459160.319386574 22231.41136562951 1 76
202011060116 2459160.319386574 22294.957407665464 1 84
202011060116 2459160.319386574 22221.0568349925 1 85
202011060116 2459160.319386574 22258.258739586494 1 86
202011060116 2459160.319386574 21798.611572506616 1 89
202011060116 2459160.319386574 22543.743037313365 1 90
202011060116 2459160.319386574 22220.23028893959 1 92
202011060116 2459160.319386574 22343.718954724216 1 93
202011060116 2459160.319386574 22353.22173946738 1 94
202011060116 2459160.319386574 22969.137002066393 1 95
202011060116 2459160.319386574 21922.425813647948 1 98
202011060116 2459160.319386574 22699.2198320305 1 99
202011060116 2459160.319386574 nan nan 100
202011060116 2459160.319386574 21820.64215020405 1 101
202011060116 2459160.319386574 22162.31638781742 1 102
202011060116 2459160.319386574 22268.296933945952 1 103
202011060116 2459160.319386574 22496.316520019278 1 104
202011060116 2459160.319386574 nan nan 105
202011060116 2459160.319386574 21797.913127914933 1 106
202011060116 2459160.319386574 22158.912805287157 1 107
202011060116 2459160.319386574 22178.65381895512 1 108
202011060116 2459160.319386574 22266.97609012079 1 109
202011060116 2459160.319386574 22650.267866008122 1 110
202011060116 2459160.319386574 22012.3262649119 1 111
202011060116 2459160.319386574 22600.589001908498 1 112
202011060116 2459160.319386574 nan nan 113
202011060116 2459160.319386574 21753.417429807672 1 114
202011060116 2459160.319386574 22375.473979354065 1 115
202011060116 2459160.319386574 22229.73829099158 1 116
202011060116 2459160.319386574 22106.25554610818 1 117
202011060116 2459160.319386574 22216.29884343993 1 118
202011060116 2459160.319386574 22187.514852425014 1 119
202011060116 2459160.319386574 22216.469390757477 1 120
202011060116 2459160.319386574 22280.335239180087 1 121
202011060116 2459160.319386574 22199.770429006847 1 122
202011060116 2459160.319386574 22212.38948778901 1 123
202011060116 2459160.319386574 22290.53291366442 1 124
202011060116 2459160.319386574 22237.802206134387 1 125
202011060116 2459160.319386574 22235.49163357208 1 126
202011060116 2459160.319386574 22210.883243183278 1 127
202011060116 2459160.319386574 22177.070971900444 1 128
202011060116 2459160.319386574 22332.372900738646 1 129
202011060116 2459160.319386574 22159.499703798778 1 130
202011060116 2459160.319386574 22268.71185806801 1 131
202011060116 2459160.319386574 22465.188330649635 1 132
202011060116 2459160.319386574 22171.052274517926 1 133
202011060118 2459160.3425462963 22193.616608191798 1 76
202011060118 2459160.3425462963 22346.63624537855 1 84
202011060118 2459160.3425462963 22234.500125621573 1 85
202011060118 2459160.3425462963 22323.686177681193 1 86
202011060118 2459160.3425462963 21874.4070488774 1 89
202011060118 2459160.3425462963 22607.34611407489 1 90
202011060118 2459160.3425462963 22285.15790522187 1 92
202011060118 2459160.3425462963 22357.939103229084 1 93
202011060118 2459160.3425462963 22405.289064926277 1 94
202011060118 2459160.3425462963 22768.71283411542 1 95
202011060118 2459160.3425462963 21907.115986136952 1 98
202011060118 2459160.3425462963 22747.4201283845 1 99
202011060118 2459160.3425462963 nan nan 100
202011060118 2459160.3425462963 21779.73798128918 1 101
202011060118 2459160.3425462963 22175.153139961465 1 102
202011060118 2459160.3425462963 22285.88227273521 1 103
202011060118 2459160.3425462963 22533.88386127985 1 104
202011060118 2459160.3425462963 nan nan 105
202011060118 2459160.3425462963 21842.85919076075 1 106
202011060118 2459160.3425462963 22192.072840567056 1 107
202011060118 2459160.3425462963 22238.479803061695 1 108
202011060118 2459160.3425462963 22299.431307453597 1 109
202011060118 2459160.3425462963 22759.423382988876 1 110
202011060118 2459160.3425462963 22049.066988051803 1 111
202011060118 2459160.3425462963 22692.155799302403 1 112
202011060118 2459160.3425462963 nan nan 113
202011060118 2459160.3425462963 21808.04162076399 1 114
202011060118 2459160.3425462963 22401.509408590275 1 115
202011060118 2459160.3425462963 22327.34967834762 1 116
202011060118 2459160.3425462963 22157.291822101753 1 117
202011060118 2459160.3425462963 22310.805508366288 1 118
202011060118 2459160.3425462963 22207.738578109842 1 119
202011060118 2459160.3425462963 22266.785846763585 1 120
202011060118 2459160.3425462963 22292.937487771953 1 121
202011060118 2459160.3425462963 22253.59857104065 1 122
202011060118 2459160.3425462963 22246.913995389496 1 123
202011060118 2459160.3425462963 22251.104782949184 1 124
202011060118 2459160.3425462963 22268.309345105867 1 125
202011060118 2459160.3425462963 22293.20706436664 1 126
202011060118 2459160.3425462963 22186.633562487496 1 127
202011060118 2459160.3425462963 22168.137721010888 1 128
202011060118 2459160.3425462963 22268.992995660155 1 129
202011060118 2459160.3425462963 22202.022561436264 1 130
202011060118 2459160.3425462963 22210.189728290046 1 131
202011060118 2459160.3425462963 22235.810312482667 1 132
202011060118 2459160.3425462963 22377.44774398988 1 133
202011060119 2459160.3541203705 22149.29490037321 1 76
202011060119 2459160.3541203705 22280.528182330003 1 84
202011060119 2459160.3541203705 22338.859474567926 1 85
202011060119 2459160.3541203705 22318.37716019128 1 86
202011060119 2459160.3541203705 21800.498169041195 1 89
202011060119 2459160.3541203705 22676.254186240127 1 90
202011060119 2459160.3541203705 22286.25989651606 1 92
202011060119 2459160.3541203705 22384.69118795502 1 93
202011060119 2459160.3541203705 22366.61245542877 1 94
202011060119 2459160.3541203705 22849.75056628419 1 95
202011060119 2459160.3541203705 21920.252503689167 1 98
202011060119 2459160.3541203705 22709.39026537122 1 99
202011060119 2459160.3541203705 nan nan 100
202011060119 2459160.3541203705 21740.138507417956 1 101
202011060119 2459160.3541203705 22159.072869648935 1 102
202011060119 2459160.3541203705 22346.173351742513 1 103
202011060119 2459160.3541203705 22527.77550820763 1 104
202011060119 2459160.3541203705 nan nan 105
202011060119 2459160.3541203705 21534.416097843252 1 106
202011060119 2459160.3541203705 22207.2409454144 1 107
202011060119 2459160.3541203705 22238.24010250796 1 108
202011060119 2459160.3541203705 22231.097001955033 1 109
202011060119 2459160.3541203705 22689.07029786315 1 110
202011060119 2459160.3541203705 22045.549528823078 1 111
202011060119 2459160.3541203705 22724.141329661034 1 112
202011060119 2459160.3541203705 nan nan 113
202011060119 2459160.3541203705 21778.420986216828 1 114
202011060119 2459160.3541203705 22392.944311734347 1 115
202011060119 2459160.3541203705 22114.788163187684 1 116
202011060119 2459160.3541203705 22181.571165268793 1 117
202011060119 2459160.3541203705 22229.605724044817 1 118
202011060119 2459160.3541203705 22141.67407872798 1 119
202011060119 2459160.3541203705 22299.22325519761 1 120
202011060119 2459160.3541203705 22282.71702223426 1 121
202011060119 2459160.3541203705 22218.8139029569 1 122
202011060119 2459160.3541203705 22216.110055545156 1 123
202011060119 2459160.3541203705 22146.82893952023 1 124
202011060119 2459160.3541203705 22267.483900810203 1 125
202011060119 2459160.3541203705 22267.727957626656 1 126
202011060119 2459160.3541203705 22230.67996180554 1 127
202011060119 2459160.3541203705 22190.534927911725 1 128
202011060119 2459160.3541203705 22307.07133317656 1 129
202011060119 2459160.3541203705 22218.682253323743 1 130
202011060119 2459160.3541203705 22376.667390325376 1 131
202011060119 2459160.3541203705 22280.55729059963 1 132
202011060119 2459160.3541203705 22313.80964638838 1 133
202011060120 2459160.3657060186 22186.12404788638 1 76
202011060120 2459160.3657060186 22366.43827466624 1 84
202011060120 2459160.3657060186 22293.43548679316 1 85
202011060120 2459160.3657060186 22337.418849016827 1 86
202011060120 2459160.3657060186 21816.96776602052 1 89
202011060120 2459160.3657060186 22675.6437410012 1 90
202011060120 2459160.3657060186 22305.37524549468 1 92
202011060120 2459160.3657060186 22378.51997532753 1 93
202011060120 2459160.3657060186 22329.238261146802 1 94
202011060120 2459160.3657060186 22885.076479688836 1 95
202011060120 2459160.3657060186 21841.907733552336 1 98
202011060120 2459160.3657060186 22722.626785810367 1 99
202011060120 2459160.3657060186 nan nan 100
202011060120 2459160.3657060186 21831.806508119884 1 101
202011060120 2459160.3657060186 22165.98889568667 1 102
202011060120 2459160.3657060186 22312.438137898767 1 103
202011060120 2459160.3657060186 22556.0676293969 1 104
202011060120 2459160.3657060186 nan nan 105
202011060120 2459160.3657060186 21802.560798020328 1 106
202011060120 2459160.3657060186 22204.869370169552 1 107
202011060120 2459160.3657060186 22218.300710730717 1 108
202011060120 2459160.3657060186 22284.279148237532 1 109
202011060120 2459160.3657060186 22754.09609737283 1 110
202011060120 2459160.3657060186 22039.169363664634 1 111
202011060120 2459160.3657060186 22625.35004142734 1 112
202011060120 2459160.3657060186 nan nan 113
202011060120 2459160.3657060186 21833.19199955228 1 114
202011060120 2459160.3657060186 22101.9281094078 1 115
202011060120 2459160.3657060186 22266.62975531879 1 116
202011060120 2459160.3657060186 22166.6880383039 1 117
202011060120 2459160.3657060186 22219.803912924566 1 118
202011060120 2459160.3657060186 22204.36276869652 1 119
202011060120 2459160.3657060186 22274.06766013531 1 120
202011060120 2459160.3657060186 22285.051667709275 1 121
202011060120 2459160.3657060186 22229.277292744428 1 122
202011060120 2459160.3657060186 22223.23971429576 1 123
202011060120 2459160.3657060186 22240.314363708665 1 124
202011060120 2459160.3657060186 22257.618452411712 1 125
202011060120 2459160.3657060186 22287.055977408705 1 126
202011060120 2459160.3657060186 22280.59711144237 1 127
202011060120 2459160.3657060186 22176.844468710224 1 128
202011060120 2459160.3657060186 22269.592257817465 1 129
202011060120 2459160.3657060186 22256.609530796424 1 130
202011060120 2459160.3657060186 22116.77575804837 1 131
202011060120 2459160.3657060186 22177.206770667744 1 132
202011060120 2459160.3657060186 22392.66037121787 1 133
202011060121 2459160.377291667 22252.40507436047 1 76
202011060121 2459160.377291667 22406.44555178569 1 84
202011060121 2459160.377291667 22343.931095858323 1 85
202011060121 2459160.377291667 22197.62896660701 1 86
202011060121 2459160.377291667 21788.406266535974 1 89
202011060121 2459160.377291667 22553.36947707862 1 90
202011060121 2459160.377291667 22240.714275606882 1 92
202011060121 2459160.377291667 22372.431523273153 1 93
202011060121 2459160.377291667 22334.11448317161 1 94
202011060121 2459160.377291667 22882.894252668906 1 95
202011060121 2459160.377291667 21901.878294700226 1 98
202011060121 2459160.377291667 22674.291575983672 1 99
202011060121 2459160.377291667 nan nan 100
202011060121 2459160.377291667 21790.848379285493 1 101
202011060121 2459160.377291667 22157.63730188547 1 102
202011060121 2459160.377291667 22278.161336510864 1 103
202011060121 2459160.377291667 22534.57386280234 1 104
202011060121 2459160.377291667 nan nan 105
202011060121 2459160.377291667 21775.511389396543 1 106
202011060121 2459160.377291667 22192.626033042467 1 107
202011060121 2459160.377291667 22209.52856838775 1 108
202011060121 2459160.377291667 22281.414458117924 1 109
202011060121 2459160.377291667 22673.527692250198 1 110
202011060121 2459160.377291667 22028.071691838093 1 111
202011060121 2459160.377291667 22692.651262599593 1 112
202011060121 2459160.377291667 nan nan 113
202011060121 2459160.377291667 21776.679188677754 1 114
202011060121 2459160.377291667 22361.999346231347 1 115
202011060121 2459160.377291667 22270.738458149783 1 116
202011060121 2459160.377291667 22174.480001588243 1 117
202011060121 2459160.377291667 22238.700713131722 1 118
202011060121 2459160.377291667 22206.125760010254 1 119
202011060121 2459160.377291667 22204.060654227545 1 120
202011060121 2459160.377291667 22271.176023668297 1 121
202011060121 2459160.377291667 22190.58831270577 1 122
202011060121 2459160.377291667 22213.943579058414 1 123
202011060121 2459160.377291667 22171.974236068116 1 124
202011060121 2459160.377291667 22307.69653685329 1 125
202011060121 2459160.377291667 22225.699749337968 1 126
202011060121 2459160.377291667 22194.427623046013 1 127
202011060121 2459160.377291667 22181.051349030768 1 128
202011060121 2459160.377291667 22263.573306090217 1 129
202011060121 2459160.377291667 22193.26828627863 1 130
202011060121 2459160.377291667 22287.23446404097 1 131
202011060121 2459160.377291667 22160.661254979168 1 132
202011060121 2459160.377291667 22344.34816722904 1 133
202011060122 2459160.388865741 22143.160082183782 1 76
202011060122 2459160.388865741 22419.930081296898 1 84
202011060122 2459160.388865741 22274.517638423426 1 85
202011060122 2459160.388865741 22279.287659122787 1 86
202011060122 2459160.388865741 21836.09802684568 1 89
202011060122 2459160.388865741 22583.565515531645 1 90
202011060122 2459160.388865741 22293.043396123136 1 92
202011060122 2459160.388865741 22253.12457900318 1 93
202011060122 2459160.388865741 22318.144138035106 1 94
202011060122 2459160.388865741 22943.48482937744 1 95
202011060122 2459160.388865741 21902.374943801173 1 98
202011060122 2459160.388865741 22602.208612595747 1 99
202011060122 2459160.388865741 nan nan 100
202011060122 2459160.388865741 21745.64577635016 1 101
202011060122 2459160.388865741 22132.873926652715 1 102
202011060122 2459160.388865741 22286.38142858241 1 103
202011060122 2459160.388865741 22482.18918355759 1 104
202011060122 2459160.388865741 nan nan 105
202011060122 2459160.388865741 21787.49174244241 1 106
202011060122 2459160.388865741 22170.620800344757 1 107
202011060122 2459160.388865741 22226.119686860366 1 108
202011060122 2459160.388865741 22249.6429495371 1 109
202011060122 2459160.388865741 22694.22926844415 1 110
202011060122 2459160.388865741 22003.48082359042 1 111
202011060122 2459160.388865741 22634.33219521363 1 112
202011060122 2459160.388865741 nan nan 113
202011060122 2459160.388865741 21796.70031935074 1 114
202011060122 2459160.388865741 22367.324153904618 1 115
202011060122 2459160.388865741 22238.530647992393 1 116
202011060122 2459160.388865741 22124.349091063254 1 117
202011060122 2459160.388865741 22175.434756599738 1 118
202011060122 2459160.388865741 22166.558435646864 1 119
202011060122 2459160.388865741 22130.22285775286 1 120
202011060122 2459160.388865741 22286.272236375444 1 121
202011060122 2459160.388865741 22208.652769231805 1 122
202011060122 2459160.388865741 22214.301406982522 1 123
202011060122 2459160.388865741 22163.654213536774 1 124
202011060122 2459160.388865741 22231.6852443934 1 125
202011060122 2459160.388865741 22269.075469743333 1 126
202011060122 2459160.388865741 22117.232675280677 1 127
202011060122 2459160.388865741 22180.124856579045 1 128
202011060122 2459160.388865741 22305.43142243533 1 129
202011060122 2459160.388865741 22262.250214227668 1 130
202011060122 2459160.388865741 22282.519328982027 1 131
202011060122 2459160.388865741 22262.11645644992 1 132
202011060122 2459160.388865741 22332.635654474827 1 133
202011060123 2459160.4004513887 22243.188605584666 1 76
202011060123 2459160.4004513887 22273.98108263419 1 84
202011060123 2459160.4004513887 22246.954549729748 1 85
202011060123 2459160.4004513887 22302.170746672713 1 86
202011060123 2459160.4004513887 21772.299297916106 1 89
202011060123 2459160.4004513887 22646.074736616192 1 90
202011060123 2459160.4004513887 22285.981946072574 1 92
202011060123 2459160.4004513887 22351.49976460524 1 93
202011060123 2459160.4004513887 22304.178766177414 1 94
202011060123 2459160.4004513887 22990.441174689477 1 95
202011060123 2459160.4004513887 21802.419654588706 1 98
202011060123 2459160.4004513887 22535.11416134959 1 99
202011060123 2459160.4004513887 nan nan 100
202011060123 2459160.4004513887 21774.937361393193 1 101
202011060123 2459160.4004513887 22120.890466208955 1 102
202011060123 2459160.4004513887 22253.679393938688 1 103
202011060123 2459160.4004513887 22532.01322724683 1 104
202011060123 2459160.4004513887 nan nan 105
202011060123 2459160.4004513887 21762.24359114206 1 106
202011060123 2459160.4004513887 22200.454181209054 1 107
202011060123 2459160.4004513887 22489.680683421226 1 108
202011060123 2459160.4004513887 22264.64496929369 1 109
202011060123 2459160.4004513887 22699.821725596325 1 110
202011060123 2459160.4004513887 21986.99081916163 1 111
202011060123 2459160.4004513887 22629.65358375945 1 112
202011060123 2459160.4004513887 nan nan 113
202011060123 2459160.4004513887 21788.347067667448 1 114
202011060123 2459160.4004513887 22338.34884949032 1 115
202011060123 2459160.4004513887 22238.391792149556 1 116
202011060123 2459160.4004513887 22098.051295295274 1 117
202011060123 2459160.4004513887 22219.619627063126 1 118
202011060123 2459160.4004513887 22138.851759229754 1 119
202011060123 2459160.4004513887 22192.58112406478 1 120
202011060123 2459160.4004513887 22213.961052530783 1 121
202011060123 2459160.4004513887 22242.999707991883 1 122
202011060123 2459160.4004513887 22212.893263174632 1 123
202011060123 2459160.4004513887 22162.358945978573 1 124
202011060123 2459160.4004513887 22253.452252775543 1 125
202011060123 2459160.4004513887 22219.164642978933 1 126
202011060123 2459160.4004513887 22262.72832625371 1 127
202011060123 2459160.4004513887 22260.675130704145 1 128
202011060123 2459160.4004513887 22288.81666147785 1 129
202011060123 2459160.4004513887 22159.497949804907 1 130
202011060123 2459160.4004513887 22230.250903992193 1 131
202011060123 2459160.4004513887 22226.446469380742 1 132
202011060123 2459160.4004513887 22335.360884477355 1 133
202011060124 2459160.412025463 22132.35147752693 1 76
202011060124 2459160.412025463 22376.72053417226 1 84
202011060124 2459160.412025463 22282.39231911499 1 85
202011060124 2459160.412025463 22276.10624857381 1 86
202011060124 2459160.412025463 21858.90144001416 1 89
202011060124 2459160.412025463 22638.022434066457 1 90
202011060124 2459160.412025463 22282.253336604717 1 92
202011060124 2459160.412025463 22354.700824552387 1 93
202011060124 2459160.412025463 22336.096713634477 1 94
202011060124 2459160.412025463 23014.82534190896 1 95
202011060124 2459160.412025463 21735.14088274857 1 98
202011060124 2459160.412025463 22810.28997812 1 99
202011060124 2459160.412025463 nan nan 100
202011060124 2459160.412025463 21761.763523173435 1 101
202011060124 2459160.412025463 22156.512064393726 1 102
202011060124 2459160.412025463 22295.77836444065 1 103
202011060124 2459160.412025463 22497.007912766258 1 104
202011060124 2459160.412025463 nan nan 105
202011060124 2459160.412025463 21827.523904138692 1 106
202011060124 2459160.412025463 22162.494146662044 1 107
202011060124 2459160.412025463 22169.455480355507 1 108
202011060124 2459160.412025463 22251.769885883605 1 109
202011060124 2459160.412025463 22646.487186279763 1 110
202011060124 2459160.412025463 22040.43538574756 1 111
202011060124 2459160.412025463 22726.652802121553 1 112
202011060124 2459160.412025463 nan nan 113
202011060124 2459160.412025463 21733.843976879245 1 114
202011060124 2459160.412025463 22387.572869072403 1 115
202011060124 2459160.412025463 22281.31105650842 1 116
202011060124 2459160.412025463 22105.08500697498 1 117
202011060124 2459160.412025463 22194.59975548913 1 118
202011060124 2459160.412025463 22144.59808702785 1 119
202011060124 2459160.412025463 22250.328282776325 1 120
202011060124 2459160.412025463 22274.419741166563 1 121
202011060124 2459160.412025463 22196.59146646715 1 122
202011060124 2459160.412025463 22151.86757425778 1 123
202011060124 2459160.412025463 22131.66373081063 1 124
202011060124 2459160.412025463 22185.47983054479 1 125
202011060124 2459160.412025463 22217.183143693444 1 126
202011060124 2459160.412025463 22178.06641756073 1 127
202011060124 2459160.412025463 22201.681007236682 1 128
202011060124 2459160.412025463 22286.979938263725 1 129
202011060124 2459160.412025463 22208.120698881263 1 130
202011060124 2459160.412025463 22310.99727730839 1 131
202011060124 2459160.412025463 22222.86599120328 1 132
202011060124 2459160.412025463 22311.074480412426 1 133
202011060106 2459160.2030787035 22453.698636147423 1 76
202011060106 2459160.2030787035 22623.085262308137 1 84
202011060106 2459160.2030787035 22266.43672661368 1 85
202011060106 2459160.2030787035 22364.860278614095 1 86
202011060106 2459160.2030787035 21986.783878321432 1 89
202011060106 2459160.2030787035 22517.60381148224 1 90
202011060106 2459160.2030787035 22403.105099829158 1 92
202011060106 2459160.2030787035 22432.191601513827 1 93
202011060106 2459160.2030787035 22390.231237689342 1 94
202011060106 2459160.2030787035 22585.789602189045 1 95
202011060106 2459160.2030787035 21921.93448994806 1 98
202011060106 2459160.2030787035 22588.171748588546 1 99
202011060106 2459160.2030787035 nan nan 100
202011060106 2459160.2030787035 21844.223668218456 1 101
202011060106 2459160.2030787035 22283.69209956625 1 102
202011060106 2459160.2030787035 22444.232276351893 1 103
202011060106 2459160.2030787035 22482.922915669376 1 104
202011060106 2459160.2030787035 nan nan 105
202011060106 2459160.2030787035 21859.03098795593 1 106
202011060106 2459160.2030787035 22348.258120757964 1 107
202011060106 2459160.2030787035 22248.023781714117 1 108
202011060106 2459160.2030787035 22288.788718232205 1 109
202011060106 2459160.2030787035 22825.268630119615 1 110
202011060106 2459160.2030787035 22180.043434987052 1 111
202011060106 2459160.2030787035 22901.22591794045 1 112
202011060106 2459160.2030787035 nan nan 113
202011060106 2459160.2030787035 21933.329203734236 1 114
202011060106 2459160.2030787035 22554.67228305913 1 115
202011060106 2459160.2030787035 22467.49137767604 1 116
202011060106 2459160.2030787035 22168.5637466512 1 117
202011060106 2459160.2030787035 22470.78205888914 1 118
202011060106 2459160.2030787035 22153.549832897173 1 119
202011060106 2459160.2030787035 22331.079890687382 1 120
202011060106 2459160.2030787035 22396.506502354794 1 121
202011060106 2459160.2030787035 22318.496356215717 1 122
202011060106 2459160.2030787035 22228.545775849016 1 123
202011060106 2459160.2030787035 22274.388774586154 1 124
202011060106 2459160.2030787035 22228.41303126163 1 125
202011060106 2459160.2030787035 22498.4356507954 1 126
202011060106 2459160.2030787035 22538.69693874779 1 127
202011060106 2459160.2030787035 22234.841752646724 1 128
202011060106 2459160.2030787035 22344.268915200002 1 129
202011060106 2459160.2030787035 22488.109188800594 1 130
202011060106 2459160.2030787035 22630.466523566956 1 131
202011060106 2459160.2030787035 22470.505293518356 1 132
202011060106 2459160.2030787035 22397.3998923017 1 133
202011090049 2459163.2226736112 22048.489374286146 1 76
202011090049 2459163.2226736112 22180.31626097336 1 84
202011090049 2459163.2226736112 22176.312413882362 1 85
202011090049 2459163.2226736112 22126.551840703898 1 86
202011090049 2459163.2226736112 21659.9641911985 1 89
202011090049 2459163.2226736112 22468.77170576295 1 90
202011090049 2459163.2226736112 22159.91632494838 1 92
202011090049 2459163.2226736112 22254.207586851226 1 93
202011090049 2459163.2226736112 22263.10677059752 1 94
202011090049 2459163.2226736112 22728.531167056386 1 95
202011090049 2459163.2226736112 21777.00485719641 1 98
202011090049 2459163.2226736112 22607.934231598818 1 99
202011090049 2459163.2226736112 nan nan 100
202011090049 2459163.2226736112 21682.87596825099 1 101
202011090049 2459163.2226736112 22054.80351283976 1 102
202011090049 2459163.2226736112 22216.43501194673 1 103
202011090049 2459163.2226736112 22419.043085124147 1 104
202011090049 2459163.2226736112 nan nan 105
202011090049 2459163.2226736112 21702.514976713905 1 106
202011090049 2459163.2226736112 22081.505009869114 1 107
202011090049 2459163.2226736112 22099.208943542264 1 108
202011090049 2459163.2226736112 22157.016176737427 1 109
202011090049 2459163.2226736112 22589.363809276892 1 110
202011090049 2459163.2226736112 21930.11684842302 1 111
202011090049 2459163.2226736112 22617.298829642874 1 112
202011090049 2459163.2226736112 nan nan 113
202011090049 2459163.2226736112 21723.00081051134 1 114
202011090049 2459163.2226736112 22278.087942638016 1 115
202011090049 2459163.2226736112 22150.44475611455 1 116
202011090049 2459163.2226736112 22040.697888631887 1 117
202011090049 2459163.2226736112 22119.39615437542 1 118
202011090049 2459163.2226736112 22075.095151384594 1 119
202011090049 2459163.2226736112 22125.853011895517 1 120
202011090049 2459163.2226736112 22201.195427041446 1 121
202011090049 2459163.2226736112 22092.377273864804 1 122
202011090049 2459163.2226736112 22098.304943261537 1 123
202011090049 2459163.2226736112 22133.105813629645 1 124
202011090049 2459163.2226736112 22137.14842459577 1 125
202011090049 2459163.2226736112 22191.027828573016 1 126
202011090049 2459163.2226736112 22090.03886905181 1 127
202011090049 2459163.2226736112 22054.988214230296 1 128
202011090049 2459163.2226736112 22186.111579733515 1 129
202011090049 2459163.2226736112 21801.592538524474 1 130
202011090049 2459163.2226736112 22131.668173296515 1 131
202011090049 2459163.2226736112 22103.519177938553 1 132
202011090049 2459163.2226736112 22202.711193209307 1 133
202011090050 2459163.2448958335 22048.300766467815 1 76
202011090050 2459163.2448958335 22191.80520817 1 84
202011090050 2459163.2448958335 22158.70644655412 1 85
202011090050 2459163.2448958335 22158.145928819897 1 86
202011090050 2459163.2448958335 21690.775391934767 1 89
202011090050 2459163.2448958335 22493.544131633887 1 90
202011090050 2459163.2448958335 22167.619868543738 1 92
202011090050 2459163.2448958335 22239.129093427582 1 93
202011090050 2459163.2448958335 22243.584844717403 1 94
202011090050 2459163.2448958335 22516.20259066045 1 95
202011090050 2459163.2448958335 21774.93078030118 1 98
202011090050 2459163.2448958335 22605.27358131097 1 99
202011090050 2459163.2448958335 nan nan 100
202011090050 2459163.2448958335 21704.380211791846 1 101
202011090050 2459163.2448958335 22050.707847228863 1 102
202011090050 2459163.2448958335 22165.975397555354 1 103
202011090050 2459163.2448958335 22408.18230912973 1 104
202011090050 2459163.2448958335 nan nan 105
202011090050 2459163.2448958335 21678.76103338857 1 106
202011090050 2459163.2448958335 22108.739814818862 1 107
202011090050 2459163.2448958335 22113.43794980171 1 108
202011090050 2459163.2448958335 22159.845202662327 1 109
202011090050 2459163.2448958335 22584.400827221823 1 110
202011090050 2459163.2448958335 21916.424770860267 1 111
202011090050 2459163.2448958335 22511.468497912403 1 112
202011090050 2459163.2448958335 nan nan 113
202011090050 2459163.2448958335 21716.37761264546 1 114
202011090050 2459163.2448958335 22242.85550057429 1 115
202011090050 2459163.2448958335 22143.979129082185 1 116
202011090050 2459163.2448958335 22067.24578149841 1 117
202011090050 2459163.2448958335 22101.653343217662 1 118
202011090050 2459163.2448958335 22043.481451057232 1 119
202011090050 2459163.2448958335 22091.082576235323 1 120
202011090050 2459163.2448958335 22151.429006559916 1 121
202011090050 2459163.2448958335 22092.976329117828 1 122
202011090050 2459163.2448958335 22112.077648062936 1 123
202011090050 2459163.2448958335 22108.74303988074 1 124
202011090050 2459163.2448958335 22115.18425979087 1 125
202011090050 2459163.2448958335 22160.45030879415 1 126
202011090050 2459163.2448958335 22068.184297877746 1 127
202011090050 2459163.2448958335 22062.183598096814 1 128
202011090050 2459163.2448958335 22200.250491124985 1 129
202011090050 2459163.2448958335 22087.593817965673 1 130
202011090050 2459163.2448958335 22170.80297371328 1 131
202011090050 2459163.2448958335 22033.693022766638 1 132
202011090050 2459163.2448958335 22199.621585110628 1 133
202011090051 2459163.2668171297 22070.8918012944 1 76
202011090051 2459163.2668171297 22282.67568581152 1 84
202011090051 2459163.2668171297 22179.917249416325 1 85
202011090051 2459163.2668171297 22165.018951087175 1 86
202011090051 2459163.2668171297 21711.091700872126 1 89
202011090051 2459163.2668171297 22436.080592308368 1 90
202011090051 2459163.2668171297 22187.57283725189 1 92
202011090051 2459163.2668171297 22241.905788197488 1 93
202011090051 2459163.2668171297 22259.34052748893 1 94
202011090051 2459163.2668171297 22709.20785209928 1 95
202011090051 2459163.2668171297 21813.80445155357 1 98
202011090051 2459163.2668171297 22590.302135234648 1 99
202011090051 2459163.2668171297 nan nan 100
202011090051 2459163.2668171297 21677.784178445032 1 101
202011090051 2459163.2668171297 22069.60942570148 1 102
202011090051 2459163.2668171297 22190.670098691113 1 103
202011090051 2459163.2668171297 22436.925700855947 1 104
202011090051 2459163.2668171297 nan nan 105
202011090051 2459163.2668171297 21683.059614726517 1 106
202011090051 2459163.2668171297 22087.632680506074 1 107
202011090051 2459163.2668171297 22113.915527517624 1 108
202011090051 2459163.2668171297 22160.581556298373 1 109
202011090051 2459163.2668171297 22564.327612811798 1 110
202011090051 2459163.2668171297 21914.57527007681 1 111
202011090051 2459163.2668171297 22593.55858448289 1 112
202011090051 2459163.2668171297 nan nan 113
202011090051 2459163.2668171297 21754.493650993412 1 114
202011090051 2459163.2668171297 22275.46669394672 1 115
202011090051 2459163.2668171297 22162.932320798835 1 116
202011090051 2459163.2668171297 22068.271175653666 1 117
202011090051 2459163.2668171297 22137.91743624426 1 118
202011090051 2459163.2668171297 22067.891724419394 1 119
202011090051 2459163.2668171297 22093.426449224597 1 120
202011090051 2459163.2668171297 22152.885896948563 1 121
202011090051 2459163.2668171297 22063.057036680402 1 122
202011090051 2459163.2668171297 22107.491149775204 1 123
202011090051 2459163.2668171297 22139.8378339732 1 124
202011090051 2459163.2668171297 22115.6049654408 1 125
202011090051 2459163.2668171297 22175.298538597464 1 126
202011090051 2459163.2668171297 22074.992348379837 1 127
202011090051 2459163.2668171297 22055.929573578273 1 128
202011090051 2459163.2668171297 22151.307865967385 1 129
202011090051 2459163.2668171297 22152.802181182367 1 130
202011090051 2459163.2668171297 22135.555839801946 1 131
202011090051 2459163.2668171297 22116.429487140802 1 132
202011090051 2459163.2668171297 22216.81547866258 1 133
202011090052 2459163.288738426 22061.495801067136 1 76
202011090052 2459163.288738426 22132.187234504756 1 84
202011090052 2459163.288738426 22198.290958582886 1 85
202011090052 2459163.288738426 22154.998347301927 1 86
202011090052 2459163.288738426 21685.04289644154 1 89
202011090052 2459163.288738426 22458.059573384064 1 90
202011090052 2459163.288738426 22180.481271683362 1 92
202011090052 2459163.288738426 22241.21268823946 1 93
202011090052 2459163.288738426 22252.88684671328 1 94
202011090052 2459163.288738426 23167.20633624056 1 95
202011090052 2459163.288738426 21777.76800456047 1 98
202011090052 2459163.288738426 22539.101076828858 1 99
202011090052 2459163.288738426 nan nan 100
202011090052 2459163.288738426 21628.344628902876 1 101
202011090052 2459163.288738426 22064.765262962388 1 102
202011090052 2459163.288738426 22153.916686334043 1 103
202011090052 2459163.288738426 22371.966606974565 1 104
202011090052 2459163.288738426 nan nan 105
202011090052 2459163.288738426 21646.502081465143 1 106
202011090052 2459163.288738426 22109.30662921614 1 107
202011090052 2459163.288738426 22065.674483558814 1 108
202011090052 2459163.288738426 22146.10143149898 1 109
202011090052 2459163.288738426 22601.048981154527 1 110
202011090052 2459163.288738426 21963.776674643046 1 111
202011090052 2459163.288738426 22538.39467118011 1 112
202011090052 2459163.288738426 nan nan 113
202011090052 2459163.288738426 21675.884113988817 1 114
202011090052 2459163.288738426 22238.526269901402 1 115
202011090052 2459163.288738426 22160.461835205013 1 116
202011090052 2459163.288738426 22029.430964383286 1 117
202011090052 2459163.288738426 22153.53434462279 1 118
202011090052 2459163.288738426 22070.472535693167 1 119
202011090052 2459163.288738426 22117.16838855891 1 120
202011090052 2459163.288738426 22159.721822287593 1 121
202011090052 2459163.288738426 22069.292286874657 1 122
202011090052 2459163.288738426 22073.56001574083 1 123
202011090052 2459163.288738426 22109.645834327494 1 124
202011090052 2459163.288738426 22060.742523027064 1 125
202011090052 2459163.288738426 22156.176165512137 1 126
202011090052 2459163.288738426 22180.416091379917 1 127
202011090052 2459163.288738426 22059.997553279576 1 128
202011090052 2459163.288738426 22129.80085453166 1 129
202011090052 2459163.288738426 22102.478299116843 1 130
202011090052 2459163.288738426 22271.634792635643 1 131
202011090052 2459163.288738426 22124.119304565156 1 132
202011090052 2459163.288738426 22176.82249936172 1 133
