202011060107 2459160.215011574 22323.98339509774 1 76
202011060107 2459160.215011574 22473.300932145852 1 84
202011060107 2459160.215011574 -3763.6295066803686 1 85
202011060107 2459160.215011574 22415.35761083064 1 86
202011060107 2459160.215011574 21900.143111891233 1 89
202011060107 2459160.215011574 22830.30702752777 1 90
202011060107 2459160.215011574 22396.990788468716 1 92
202011060107 2459160.215011574 22395.681465673715 1 93
202011060107 2459160.215011574 -1281.8086135162569 1 94
202011060107 2459160.215011574 -9739.042599025068 1 95
202011060107 2459160.215011574 1485.2493455219803 1 98
202011060107 2459160.215011574 895.5085485740683 1 99
202011060107 2459160.215011574 nan nan 100
202011060107 2459160.215011574 -1673.544311330572 1 101
202011060107 2459160.215011574 22260.640401781242 1 102
202011060107 2459160.215011574 22401.084493623857 1 103
202011060107 2459160.215011574 22569.138205281935 1 104
202011060107 2459160.215011574 nan nan 105
202011060107 2459160.215011574 21929.45599615367 1 106
202011060107 2459160.215011574 22281.43990228629 1 107
202011060107 2459160.215011574 22333.811856026787 1 108
202011060107 2459160.215011574 -1248.9393428459116 1 109
202011060107 2459160.215011574 22790.136942498193 1 110
202011060107 2459160.215011574 22194.74537794633 1 111
202011060107 2459160.215011574 909.4540143024285 1 112
202011060107 2459160.215011574 nan nan 113
202011060107 2459160.215011574 21883.708526781335 1 114
202011060107 2459160.215011574 22412.23998677754 1 115
202011060107 2459160.215011574 22335.781780433354 1 116
202011060107 2459160.215011574 22232.270879140775 1 117
202011060107 2459160.215011574 22338.05767489031 1 118
202011060107 2459160.215011574 3402.332923827027 1 119
202011060107 2459160.215011574 -4764.6500496952285 1 120
202011060107 2459160.215011574 22378.575591476572 1 121
202011060107 2459160.215011574 22292.70582507606 1 122
202011060107 2459160.215011574 22275.01137994911 1 123
202011060107 2459160.215011574 22469.280259892847 1 124
202011060107 2459160.215011574 22316.46759365525 1 125
202011060107 2459160.215011574 22363.56710579165 1 126
202011060107 2459160.215011574 1071.9323628870075 1 127
202011060107 2459160.215011574 1000.05442139958 1 128
202011060107 2459160.215011574 22434.330724305826 1 129
202011060107 2459160.215011574 1479.7947821482626 1 130
202011060107 2459160.215011574 1228.5435864614617 1 131
202011060107 2459160.215011574 22340.44630774613 1 132
202011060107 2459160.215011574 22369.90977216271 1 133
202011060108 2459160.226747685 22374.30368045294 1 76
202011060108 2459160.226747685 22346.90212203093 1 84
202011060108 2459160.226747685 -3700.2471070427737 1 85
202011060108 2459160.226747685 22384.467251005826 1 86
202011060108 2459160.226747685 21872.338849521577 1 89
202011060108 2459160.226747685 22579.464204988006 1 90
202011060108 2459160.226747685 22296.86079857547 1 92
202011060108 2459160.226747685 22432.345185561728 1 93
202011060108 2459160.226747685 -1839.9220036350384 1 94
202011060108 2459160.226747685 -5816.714239798598 1 95
202011060108 2459160.226747685 1392.995982705577 1 98
202011060108 2459160.226747685 1236.8153731581847 1 99
202011060108 2459160.226747685 nan nan 100
202011060108 2459160.226747685 -1686.3584269950725 1 101
202011060108 2459160.226747685 22253.606200211747 1 102
202011060108 2459160.226747685 22388.5810239676 1 103
202011060108 2459160.226747685 22606.726904734936 1 104
202011060108 2459160.226747685 nan nan 105
202011060108 2459160.226747685 21879.669219588475 1 106
202011060108 2459160.226747685 22216.289010601588 1 107
202011060108 2459160.226747685 22216.245596274453 1 108
202011060108 2459160.226747685 -1252.0484124973627 1 109
202011060108 2459160.226747685 22761.727020910774 1 110
202011060108 2459160.226747685 22134.616897338485 1 111
202011060108 2459160.226747685 -163.5145944809469 1 112
202011060108 2459160.226747685 nan nan 113
202011060108 2459160.226747685 21896.51595582835 1 114
202011060108 2459160.226747685 22444.459560736297 1 115
202011060108 2459160.226747685 1171.2696025704186 1 116
202011060108 2459160.226747685 22268.18663599001 1 117
202011060108 2459160.226747685 22328.679666483735 1 118
202011060108 2459160.226747685 3166.9684404549625 1 119
202011060108 2459160.226747685 -5050.530944816487 1 120
202011060108 2459160.226747685 22359.414495721772 1 121
202011060108 2459160.226747685 22222.751343227967 1 122
202011060108 2459160.226747685 22263.458391596207 1 123
202011060108 2459160.226747685 22282.32995327198 1 124
202011060108 2459160.226747685 22331.48198739442 1 125
202011060108 2459160.226747685 22278.6522709978 1 126
202011060108 2459160.226747685 22292.367883972925 1 127
202011060108 2459160.226747685 -2717.625265881986 1 128
202011060108 2459160.226747685 22353.98151602506 1 129
202011060108 2459160.226747685 22303.585036159504 1 130
202011060108 2459160.226747685 22366.57265652824 1 131
202011060108 2459160.226747685 22236.01855336068 1 132
202011060108 2459160.226747685 22418.896045282 1 133
202011060109 2459160.2383333333 22268.902812407476 1 76
202011060109 2459160.2383333333 22347.20592718028 1 84
202011060109 2459160.2383333333 -3817.657967922523 1 85
202011060109 2459160.2383333333 22337.233747516042 1 86
202011060109 2459160.2383333333 21885.866974937562 1 89
202011060109 2459160.2383333333 22685.585298082413 1 90
202011060109 2459160.2383333333 22311.691977575036 1 92
202011060109 2459160.2383333333 22388.287258803142 1 93
202011060109 2459160.2383333333 -1557.2624634614301 1 94
202011060109 2459160.2383333333 -8485.3993528755 1 95
202011060109 2459160.2383333333 1473.2177031191832 1 98
202011060109 2459160.2383333333 22726.163927193662 1 99
202011060109 2459160.2383333333 nan nan 100
202011060109 2459160.2383333333 -1530.5410694244838 1 101
202011060109 2459160.2383333333 22211.32151758861 1 102
202011060109 2459160.2383333333 22318.384557074867 1 103
202011060109 2459160.2383333333 22513.8240247304 1 104
202011060109 2459160.2383333333 nan nan 105
202011060109 2459160.2383333333 21845.2286916066 1 106
202011060109 2459160.2383333333 22226.689673239096 1 107
202011060109 2459160.2383333333 22099.604217444103 1 108
202011060109 2459160.2383333333 -1000.626838589684 1 109
202011060109 2459160.2383333333 22744.232283129746 1 110
202011060109 2459160.2383333333 22105.959596298824 1 111
202011060109 2459160.2383333333 -773.7919730015886 1 112
202011060109 2459160.2383333333 nan nan 113
202011060109 2459160.2383333333 21958.882779497646 1 114
202011060109 2459160.2383333333 22405.96728101794 1 115
202011060109 2459160.2383333333 22332.828810030107 1 116
202011060109 2459160.2383333333 22240.09237763019 1 117
202011060109 2459160.2383333333 22341.140381765235 1 118
202011060109 2459160.2383333333 3829.1268571409537 1 119
202011060109 2459160.2383333333 -4652.0651941495125 1 120
202011060109 2459160.2383333333 22338.686463204624 1 121
202011060109 2459160.2383333333 22272.113589719098 1 122
202011060109 2459160.2383333333 22319.368296832243 1 123
202011060109 2459160.2383333333 22281.75898728028 1 124
202011060109 2459160.2383333333 22242.216579733744 1 125
202011060109 2459160.2383333333 22253.313659132098 1 126
202011060109 2459160.2383333333 22218.665905923935 1 127
202011060109 2459160.2383333333 -2602.516143572413 1 128
202011060109 2459160.2383333333 22316.176434782483 1 129
202011060109 2459160.2383333333 22346.726680344476 1 130
202011060109 2459160.2383333333 22367.81066058918 1 131
202011060109 2459160.2383333333 1722.6854748006103 1 132
202011060109 2459160.2383333333 22389.861372615756 1 133
202011060110 2459160.2499074074 22326.53209282262 1 76
202011060110 2459160.2499074074 22457.860453507677 1 84
202011060110 2459160.2499074074 -2739.4138489651846 1 85
202011060110 2459160.2499074074 22291.48578604652 1 86
202011060110 2459160.2499074074 21867.837431634078 1 89
202011060110 2459160.2499074074 22702.46919094191 1 90
202011060110 2459160.2499074074 22330.77110949744 1 92
202011060110 2459160.2499074074 22403.083444132037 1 93
202011060110 2459160.2499074074 -1847.7270173648988 1 94
202011060110 2459160.2499074074 -11467.384760055955 1 95
202011060110 2459160.2499074074 1386.289874985626 1 98
202011060110 2459160.2499074074 968.8510741718196 1 99
202011060110 2459160.2499074074 nan nan 100
202011060110 2459160.2499074074 -1624.3869493757493 1 101
202011060110 2459160.2499074074 22204.11780819577 1 102
202011060110 2459160.2499074074 22326.841823219835 1 103
202011060110 2459160.2499074074 22506.738154470368 1 104
202011060110 2459160.2499074074 nan nan 105
202011060110 2459160.2499074074 21811.886509690838 1 106
202011060110 2459160.2499074074 22212.170003185016 1 107
202011060110 2459160.2499074074 22243.057226235047 1 108
202011060110 2459160.2499074074 -1059.1291140243297 1 109
202011060110 2459160.2499074074 22694.524429259796 1 110
202011060110 2459160.2499074074 22111.36664176585 1 111
202011060110 2459160.2499074074 16.775376450072947 1 112
202011060110 2459160.2499074074 nan nan 113
202011060110 2459160.2499074074 71379.75809316356 1 114
202011060110 2459160.2499074074 22423.625537729586 1 115
202011060110 2459160.2499074074 1585.4151421868805 1 116
202011060110 2459160.2499074074 22234.49215231856 1 117
202011060110 2459160.2499074074 22289.975346119747 1 118
202011060110 2459160.2499074074 4940.7263220621935 1 119
202011060110 2459160.2499074074 -7396.036277212854 1 120
202011060110 2459160.2499074074 22335.52336174411 1 121
202011060110 2459160.2499074074 22295.612306985837 1 122
202011060110 2459160.2499074074 22276.171546282472 1 123
202011060110 2459160.2499074074 22305.223630023676 1 124
202011060110 2459160.2499074074 22304.823392366274 1 125
202011060110 2459160.2499074074 22303.315675695074 1 126
202011060110 2459160.2499074074 22217.7967228259 1 127
202011060110 2459160.2499074074 -3148.98197946613 1 128
202011060110 2459160.2499074074 22330.202740028406 1 129
202011060110 2459160.2499074074 22332.418847202003 1 130
202011060110 2459160.2499074074 22419.139528257234 1 131
202011060110 2459160.2499074074 22288.911551746416 1 132
202011060110 2459160.2499074074 22286.692121681 1 133
202011060111 2459160.2614814816 22295.571713749345 1 76
202011060111 2459160.2614814816 22317.437832648575 1 84
202011060111 2459160.2614814816 -4638.391237310176 1 85
202011060111 2459160.2614814816 22344.557546941076 1 86
202011060111 2459160.2614814816 21842.996008850085 1 89
202011060111 2459160.2614814816 22757.841582840407 1 90
202011060111 2459160.2614814816 22309.91844530021 1 92
202011060111 2459160.2614814816 22402.844205705926 1 93
202011060111 2459160.2614814816 -1940.8779333066575 1 94
202011060111 2459160.2614814816 -4697.06005109816 1 95
202011060111 2459160.2614814816 1336.973919064114 1 98
202011060111 2459160.2614814816 1465.9251250825625 1 99
202011060111 2459160.2614814816 nan nan 100
202011060111 2459160.2614814816 -1266.9757841510022 1 101
202011060111 2459160.2614814816 22235.651092151093 1 102
202011060111 2459160.2614814816 22328.8419163685 1 103
202011060111 2459160.2614814816 22375.566699698815 1 104
202011060111 2459160.2614814816 nan nan 105
202011060111 2459160.2614814816 21800.84802103373 1 106
202011060111 2459160.2614814816 22198.685751282876 1 107
202011060111 2459160.2614814816 22234.15103192783 1 108
202011060111 2459160.2614814816 -1045.4238092336711 1 109
202011060111 2459160.2614814816 22800.251095188407 1 110
202011060111 2459160.2614814816 22081.692976585087 1 111
202011060111 2459160.2614814816 -241.01268411781132 1 112
202011060111 2459160.2614814816 nan nan 113
202011060111 2459160.2614814816 21849.706255122088 1 114
202011060111 2459160.2614814816 22399.97117484014 1 115
202011060111 2459160.2614814816 22308.613268609854 1 116
202011060111 2459160.2614814816 22179.963856930375 1 117
202011060111 2459160.2614814816 22358.60553677188 1 118
202011060111 2459160.2614814816 4256.320771689598 1 119
202011060111 2459160.2614814816 -5119.459989470795 1 120
202011060111 2459160.2614814816 22348.21754818707 1 121
202011060111 2459160.2614814816 22334.60796125356 1 122
202011060111 2459160.2614814816 22275.307445829436 1 123
202011060111 2459160.2614814816 22251.36300621305 1 124
202011060111 2459160.2614814816 22327.198997597345 1 125
202011060111 2459160.2614814816 22360.73707945211 1 126
202011060111 2459160.2614814816 22262.276638822463 1 127
202011060111 2459160.2614814816 -2175.712735722232 1 128
202011060111 2459160.2614814816 22349.435253604308 1 129
202011060111 2459160.2614814816 22399.23367344567 1 130
202011060111 2459160.2614814816 22379.57285418004 1 131
202011060111 2459160.2614814816 1322.2393193513612 1 132
202011060111 2459160.2614814816 22404.783679474887 1 133
202011060112 2459160.27306713 22273.553488225734 1 76
202011060112 2459160.27306713 22398.813239379455 1 84
202011060112 2459160.27306713 -3380.472391893252 1 85
202011060112 2459160.27306713 22261.047941993726 1 86
202011060112 2459160.27306713 21876.738172427384 1 89
202011060112 2459160.27306713 22644.666070311407 1 90
202011060112 2459160.27306713 22339.44319694266 1 92
202011060112 2459160.27306713 22400.825571803358 1 93
202011060112 2459160.27306713 -986.1083213605634 1 94
202011060112 2459160.27306713 -11150.224478384958 1 95
202011060112 2459160.27306713 87062.77544922128 1 98
202011060112 2459160.27306713 1415.4022871503682 1 99
202011060112 2459160.27306713 nan nan 100
202011060112 2459160.27306713 -1695.6798595097418 1 101
202011060112 2459160.27306713 22209.525836610206 1 102
202011060112 2459160.27306713 22287.805958255525 1 103
202011060112 2459160.27306713 22577.024687539633 1 104
202011060112 2459160.27306713 nan nan 105
202011060112 2459160.27306713 21858.99548441667 1 106
202011060112 2459160.27306713 22243.54161799746 1 107
202011060112 2459160.27306713 22251.62471198817 1 108
202011060112 2459160.27306713 -1424.5173349567772 1 109
202011060112 2459160.27306713 22726.413988519853 1 110
202011060112 2459160.27306713 22075.185387399182 1 111
202011060112 2459160.27306713 -478.71459143538846 1 112
202011060112 2459160.27306713 nan nan 113
202011060112 2459160.27306713 21903.777665040936 1 114
202011060112 2459160.27306713 22413.275809524883 1 115
202011060112 2459160.27306713 1426.8581157475144 1 116
202011060112 2459160.27306713 22288.732872298056 1 117
202011060112 2459160.27306713 22272.112214361114 1 118
202011060112 2459160.27306713 2712.092788260583 1 119
202011060112 2459160.27306713 -4928.452723632846 1 120
202011060112 2459160.27306713 22390.53904508723 1 121
202011060112 2459160.27306713 22381.341436238912 1 122
202011060112 2459160.27306713 22266.467855977524 1 123
202011060112 2459160.27306713 22228.285137913397 1 124
202011060112 2459160.27306713 22230.294701927574 1 125
202011060112 2459160.27306713 22282.167073705004 1 126
202011060112 2459160.27306713 81800.24232162783 1 127
202011060112 2459160.27306713 -1722.861676797525 1 128
202011060112 2459160.27306713 22342.28766678091 1 129
202011060112 2459160.27306713 22250.011003604675 1 130
202011060112 2459160.27306713 22322.023982700444 1 131
202011060112 2459160.27306713 1390.646745723768 1 132
202011060112 2459160.27306713 22381.588279227155 1 133
202011060113 2459160.284641204 22241.722699437112 1 76
202011060113 2459160.284641204 56682.21342542969 1 84
202011060113 2459160.284641204 22350.582610568697 1 85
202011060113 2459160.284641204 22294.56927456378 1 86
202011060113 2459160.284641204 21882.00032178399 1 89
202011060113 2459160.284641204 22708.39118946224 1 90
202011060113 2459160.284641204 22342.648885779872 1 92
202011060113 2459160.284641204 22411.265523872567 1 93
202011060113 2459160.284641204 -1490.6415709998005 1 94
202011060113 2459160.284641204 -14041.023085182698 1 95
202011060113 2459160.284641204 21912.63133204434 1 98
202011060113 2459160.284641204 1033.924698215064 1 99
202011060113 2459160.284641204 nan nan 100
202011060113 2459160.284641204 -1698.9963423410923 1 101
202011060113 2459160.284641204 22205.738941095973 1 102
202011060113 2459160.284641204 22305.559326820392 1 103
202011060113 2459160.284641204 22565.29275430518 1 104
202011060113 2459160.284641204 nan nan 105
202011060113 2459160.284641204 21890.24724409372 1 106
202011060113 2459160.284641204 22283.467593282152 1 107
202011060113 2459160.284641204 22301.547250221898 1 108
202011060113 2459160.284641204 -1297.713764018554 1 109
202011060113 2459160.284641204 22700.536505258955 1 110
202011060113 2459160.284641204 22128.33789791857 1 111
202011060113 2459160.284641204 -499.77223115090777 1 112
202011060113 2459160.284641204 nan nan 113
202011060113 2459160.284641204 21943.6338784719 1 114
202011060113 2459160.284641204 22372.03611031413 1 115
202011060113 2459160.284641204 1424.6904581010388 1 116
202011060113 2459160.284641204 22225.222424800497 1 117
202011060113 2459160.284641204 22473.990783126457 1 118
202011060113 2459160.284641204 2523.170645096052 1 119
202011060113 2459160.284641204 -5313.617212891396 1 120
202011060113 2459160.284641204 22313.170721833958 1 121
202011060113 2459160.284641204 22329.95107062031 1 122
202011060113 2459160.284641204 22337.261307618875 1 123
202011060113 2459160.284641204 22325.188330340978 1 124
202011060113 2459160.284641204 22395.011319467932 1 125
202011060113 2459160.284641204 22440.01607659745 1 126
202011060113 2459160.284641204 81398.5361386414 1 127
202011060113 2459160.284641204 1231.3054111057666 1 128
202011060113 2459160.284641204 22447.356365901258 1 129
202011060113 2459160.284641204 22317.42680689276 1 130
202011060113 2459160.284641204 22288.352392210843 1 131
202011060113 2459160.284641204 1580.1099247588722 1 132
202011060113 2459160.284641204 22400.45849352745 1 133
202011060114 2459160.2962268516 22326.490256050893 1 76
202011060114 2459160.2962268516 57261.3898649756 1 84
202011060114 2459160.2962268516 -4299.812453262795 1 85
202011060114 2459160.2962268516 22332.17757659588 1 86
202011060114 2459160.2962268516 21849.686640380336 1 89
202011060114 2459160.2962268516 22604.51798084943 1 90
202011060114 2459160.2962268516 22288.474288285888 1 92
202011060114 2459160.2962268516 22380.289755581638 1 93
202011060114 2459160.2962268516 -737.1378479523851 1 94
202011060114 2459160.2962268516 -9379.91305138822 1 95
202011060114 2459160.2962268516 1409.0841526921433 1 98
202011060114 2459160.2962268516 22716.26939941846 1 99
202011060114 2459160.2962268516 nan nan 100
202011060114 2459160.2962268516 -1685.2521624169658 1 101
202011060114 2459160.2962268516 22189.904651893852 1 102
202011060114 2459160.2962268516 22319.83649161107 1 103
202011060114 2459160.2962268516 22510.693305087076 1 104
202011060114 2459160.2962268516 nan nan 105
202011060114 2459160.2962268516 21892.64592720973 1 106
202011060114 2459160.2962268516 22213.6841728326 1 107
202011060114 2459160.2962268516 22209.809940254403 1 108
202011060114 2459160.2962268516 -981.1416284368345 1 109
202011060114 2459160.2962268516 22684.23253082837 1 110
202011060114 2459160.2962268516 22132.940621707745 1 111
202011060114 2459160.2962268516 -701.3469929908738 1 112
202011060114 2459160.2962268516 nan nan 113
202011060114 2459160.2962268516 21906.731261448702 1 114
202011060114 2459160.2962268516 22387.19588322663 1 115
202011060114 2459160.2962268516 22300.096773177975 1 116
202011060114 2459160.2962268516 22193.40762363817 1 117
202011060114 2459160.2962268516 22330.84786768099 1 118
202011060114 2459160.2962268516 3375.2367264705094 1 119
202011060114 2459160.2962268516 -5303.87979232805 1 120
202011060114 2459160.2962268516 22357.70794804696 1 121
202011060114 2459160.2962268516 22265.969590534747 1 122
202011060114 2459160.2962268516 22265.202902750687 1 123
202011060114 2459160.2962268516 22282.473953839763 1 124
202011060114 2459160.2962268516 22297.517436039216 1 125
202011060114 2459160.2962268516 22368.527391540705 1 126
202011060114 2459160.2962268516 22268.202195391783 1 127
202011060114 2459160.2962268516 -1897.8953256381049 1 128
202011060114 2459160.2962268516 22377.362109569454 1 129
202011060114 2459160.2962268516 1337.1347036561217 1 130
202011060114 2459160.2962268516 22265.25918127496 1 131
202011060114 2459160.2962268516 22291.263871438558 1 132
202011060114 2459160.2962268516 22409.196992257366 1 133
202011060115 2459160.307800926 22213.84009411337 1 76
202011060115 2459160.307800926 22313.475032863225 1 84
202011060115 2459160.307800926 22237.73940313781 1 85
202011060115 2459160.307800926 22257.124873083107 1 86
202011060115 2459160.307800926 21859.229697737414 1 89
202011060115 2459160.307800926 23004.25929142104 1 90
202011060115 2459160.307800926 22296.800255416878 1 92
202011060115 2459160.307800926 22371.28634146106 1 93
202011060115 2459160.307800926 -1489.9015516990344 1 94
202011060115 2459160.307800926 -15756.027744118615 1 95
202011060115 2459160.307800926 3185.6013974580515 1 98
202011060115 2459160.307800926 1236.8153796330053 1 99
202011060115 2459160.307800926 nan nan 100
202011060115 2459160.307800926 -31.11981326661265 1 101
202011060115 2459160.307800926 22164.313570053637 1 102
202011060115 2459160.307800926 22288.669403218937 1 103
202011060115 2459160.307800926 22478.31105749311 1 104
202011060115 2459160.307800926 nan nan 105
202011060115 2459160.307800926 21969.600233026104 1 106
202011060115 2459160.307800926 22156.329178688055 1 107
202011060115 2459160.307800926 22210.98810279288 1 108
202011060115 2459160.307800926 -1093.5042371635489 1 109
202011060115 2459160.307800926 22696.898002893377 1 110
202011060115 2459160.307800926 22065.479030567265 1 111
202011060115 2459160.307800926 1242.5326831643365 1 112
202011060115 2459160.307800926 nan nan 113
202011060115 2459160.307800926 21921.044068914198 1 114
202011060115 2459160.307800926 22408.031182952294 1 115
202011060115 2459160.307800926 50635.49105233893 1 116
202011060115 2459160.307800926 22160.862929643812 1 117
202011060115 2459160.307800926 22240.243623600578 1 118
202011060115 2459160.307800926 3342.298199147336 1 119
202011060115 2459160.307800926 -5113.257503282873 1 120
202011060115 2459160.307800926 22300.95720829225 1 121
202011060115 2459160.307800926 22220.255091655534 1 122
202011060115 2459160.307800926 22334.507396020195 1 123
202011060115 2459160.307800926 22208.960171471095 1 124
202011060115 2459160.307800926 22260.296434141153 1 125
202011060115 2459160.307800926 22123.372521440742 1 126
202011060115 2459160.307800926 22251.367026711858 1 127
202011060115 2459160.307800926 1106.807836314092 1 128
202011060115 2459160.307800926 22252.977273866873 1 129
202011060115 2459160.307800926 1197.4393774283992 1 130
202011060115 2459160.307800926 22250.376066650882 1 131
202011060115 2459160.307800926 22362.142222613584 1 132
202011060115 2459160.307800926 22374.40943511813 1 133
202011060116 2459160.319386574 22270.661187066973 1 76
202011060116 2459160.319386574 22288.883875378393 1 84
202011060116 2459160.319386574 22215.841634714143 1 85
202011060116 2459160.319386574 22245.772151048706 1 86
202011060116 2459160.319386574 21813.77720137788 1 89
202011060116 2459160.319386574 22564.575796109257 1 90
202011060116 2459160.319386574 22224.560885586783 1 92
202011060116 2459160.319386574 22353.159941035614 1 93
202011060116 2459160.319386574 -1156.6619434446143 1 94
202011060116 2459160.319386574 -7826.001187292203 1 95
202011060116 2459160.319386574 21865.73029796572 1 98
202011060116 2459160.319386574 1576.291736548183 1 99
202011060116 2459160.319386574 nan nan 100
202011060116 2459160.319386574 -2152.23762725509 1 101
202011060116 2459160.319386574 22156.013132247957 1 102
202011060116 2459160.319386574 22279.441693131805 1 103
202011060116 2459160.319386574 22486.02290157391 1 104
202011060116 2459160.319386574 nan nan 105
202011060116 2459160.319386574 21797.467615146037 1 106
202011060116 2459160.319386574 22167.498766264143 1 107
202011060116 2459160.319386574 22195.128818835252 1 108
202011060116 2459160.319386574 -847.7904970204943 1 109
202011060116 2459160.319386574 22649.58935404268 1 110
202011060116 2459160.319386574 22005.097656554703 1 111
202011060116 2459160.319386574 -163.53415276491063 1 112
202011060116 2459160.319386574 nan nan 113
202011060116 2459160.319386574 21741.478171957762 1 114
202011060116 2459160.319386574 22360.98319098425 1 115
202011060116 2459160.319386574 22222.169885384395 1 116
202011060116 2459160.319386574 22090.51023642286 1 117
202011060116 2459160.319386574 22213.00158791032 1 118
202011060116 2459160.319386574 3325.561007960415 1 119
202011060116 2459160.319386574 -4157.717564514959 1 120
202011060116 2459160.319386574 22302.19845009253 1 121
202011060116 2459160.319386574 22180.79127656257 1 122
202011060116 2459160.319386574 22212.263599939783 1 123
202011060116 2459160.319386574 22276.63897204267 1 124
202011060116 2459160.319386574 22179.094608605723 1 125
202011060116 2459160.319386574 22254.527028420493 1 126
202011060116 2459160.319386574 22216.319662524453 1 127
202011060116 2459160.319386574 1002.9898800309436 1 128
202011060116 2459160.319386574 22462.08679217838 1 129
202011060116 2459160.319386574 1105.8034754196483 1 130
202011060116 2459160.319386574 22250.78793356312 1 131
202011060116 2459160.319386574 1693.666907574052 1 132
202011060116 2459160.319386574 22168.459426688616 1 133
202011060118 2459160.3425462963 22167.546319124715 1 76
202011060118 2459160.3425462963 22323.443849614014 1 84
202011060118 2459160.3425462963 1215.7472048715697 1 85
202011060118 2459160.3425462963 22345.76390322272 1 86
202011060118 2459160.3425462963 21875.060166230134 1 89
202011060118 2459160.3425462963 22675.252050109102 1 90
202011060118 2459160.3425462963 22277.36782442676 1 92
202011060118 2459160.3425462963 22363.496856490307 1 93
202011060118 2459160.3425462963 -1226.7618311750027 1 94
202011060118 2459160.3425462963 -25626.266395370647 1 95
202011060118 2459160.3425462963 1203.5886369543907 1 98
202011060118 2459160.3425462963 1185.06532112544 1 99
202011060118 2459160.3425462963 nan nan 100
202011060118 2459160.3425462963 -1277.531675517047 1 101
202011060118 2459160.3425462963 22163.74551877412 1 102
202011060118 2459160.3425462963 22277.82028223168 1 103
202011060118 2459160.3425462963 22534.758867245127 1 104
202011060118 2459160.3425462963 nan nan 105
202011060118 2459160.3425462963 21808.945990264598 1 106
202011060118 2459160.3425462963 22198.91041521779 1 107
202011060118 2459160.3425462963 22137.273181956974 1 108
202011060118 2459160.3425462963 -999.0107426379174 1 109
202011060118 2459160.3425462963 22759.698577141833 1 110
202011060118 2459160.3425462963 22051.400323097707 1 111
202011060118 2459160.3425462963 1252.672739365129 1 112
202011060118 2459160.3425462963 nan nan 113
202011060118 2459160.3425462963 21811.81894767263 1 114
202011060118 2459160.3425462963 22400.656819619187 1 115
202011060118 2459160.3425462963 1212.8421125519278 1 116
202011060118 2459160.3425462963 22152.901783540125 1 117
202011060118 2459160.3425462963 22289.961959969107 1 118
202011060118 2459160.3425462963 2911.63687756456 1 119
202011060118 2459160.3425462963 -5649.447981334003 1 120
202011060118 2459160.3425462963 22270.87260236049 1 121
202011060118 2459160.3425462963 22259.818954137947 1 122
202011060118 2459160.3425462963 22253.717179871248 1 123
202011060118 2459160.3425462963 22263.656624675084 1 124
202011060118 2459160.3425462963 22281.490236069374 1 125
202011060118 2459160.3425462963 22290.879099748105 1 126
202011060118 2459160.3425462963 22182.88087258741 1 127
202011060118 2459160.3425462963 1234.3447875347053 1 128
202011060118 2459160.3425462963 22280.939924865943 1 129
202011060118 2459160.3425462963 22187.176067096625 1 130
202011060118 2459160.3425462963 22209.100739137233 1 131
202011060118 2459160.3425462963 22258.28124316779 1 132
202011060118 2459160.3425462963 22378.3241827409 1 133
202011060119 2459160.3541203705 22122.52920838073 1 76
202011060119 2459160.3541203705 22259.86367435799 1 84
202011060119 2459160.3541203705 -5088.97436715565 1 85
202011060119 2459160.3541203705 22313.376635009947 1 86
202011060119 2459160.3541203705 21800.271958572706 1 89
202011060119 2459160.3541203705 22665.000701104876 1 90
202011060119 2459160.3541203705 22280.783872067852 1 92
202011060119 2459160.3541203705 22361.8174775714 1 93
202011060119 2459160.3541203705 -1151.837400020201 1 94
202011060119 2459160.3541203705 -12318.058495179224 1 95
202011060119 2459160.3541203705 21928.42593343488 1 98
202011060119 2459160.3541203705 1301.4290366661194 1 99
202011060119 2459160.3541203705 nan nan 100
202011060119 2459160.3541203705 1232.9325302349157 1 101
202011060119 2459160.3541203705 22196.13635469852 1 102
202011060119 2459160.3541203705 22337.822723607344 1 103
202011060119 2459160.3541203705 22528.82499978528 1 104
202011060119 2459160.3541203705 nan nan 105
202011060119 2459160.3541203705 21550.82538122745 1 106
202011060119 2459160.3541203705 22209.200024384074 1 107
202011060119 2459160.3541203705 22254.6989058875 1 108
202011060119 2459160.3541203705 -1312.8281367797751 1 109
202011060119 2459160.3541203705 22677.65834408992 1 110
202011060119 2459160.3541203705 22038.04690009433 1 111
202011060119 2459160.3541203705 -338.0789621366117 1 112
202011060119 2459160.3541203705 nan nan 113
202011060119 2459160.3541203705 21790.516042260726 1 114
202011060119 2459160.3541203705 22399.669978090962 1 115
202011060119 2459160.3541203705 1645.8947243543014 1 116
202011060119 2459160.3541203705 22178.676667620875 1 117
202011060119 2459160.3541203705 22241.959460688977 1 118
202011060119 2459160.3541203705 3164.795998317323 1 119
202011060119 2459160.3541203705 -3572.4853349752725 1 120
202011060119 2459160.3541203705 22299.43727847188 1 121
202011060119 2459160.3541203705 22205.428936953376 1 122
202011060119 2459160.3541203705 22220.635515685794 1 123
202011060119 2459160.3541203705 22108.828482831654 1 124
202011060119 2459160.3541203705 22266.712267008053 1 125
202011060119 2459160.3541203705 22281.785219797315 1 126
202011060119 2459160.3541203705 22218.526129905575 1 127
202011060119 2459160.3541203705 1152.8195390137319 1 128
202011060119 2459160.3541203705 22309.21734940634 1 129
202011060119 2459160.3541203705 22211.933906930753 1 130
202011060119 2459160.3541203705 22281.53944898289 1 131
202011060119 2459160.3541203705 22276.733404270657 1 132
202011060119 2459160.3541203705 22323.811099359216 1 133
202011060120 2459160.3657060186 22161.962719217117 1 76
202011060120 2459160.3657060186 22362.230170465704 1 84
202011060120 2459160.3657060186 1220.171693708925 1 85
202011060120 2459160.3657060186 22342.30520497566 1 86
202011060120 2459160.3657060186 21830.989772268473 1 89
202011060120 2459160.3657060186 22701.03113890464 1 90
202011060120 2459160.3657060186 22308.872801001944 1 92
202011060120 2459160.3657060186 22379.00876779857 1 93
202011060120 2459160.3657060186 -1742.5794221436208 1 94
202011060120 2459160.3657060186 -12283.219776149068 1 95
202011060120 2459160.3657060186 1747.5703525318536 1 98
202011060120 2459160.3657060186 1431.585021528613 1 99
202011060120 2459160.3657060186 nan nan 100
202011060120 2459160.3657060186 -2514.3019416581 1 101
202011060120 2459160.3657060186 22154.31422763703 1 102
202011060120 2459160.3657060186 22313.297514574777 1 103
202011060120 2459160.3657060186 22544.735942589956 1 104
202011060120 2459160.3657060186 nan nan 105
202011060120 2459160.3657060186 21801.486692140017 1 106
202011060120 2459160.3657060186 22202.20387789785 1 107
202011060120 2459160.3657060186 22219.74634008938 1 108
202011060120 2459160.3657060186 -923.437289544301 1 109
202011060120 2459160.3657060186 22758.200333826837 1 110
202011060120 2459160.3657060186 22040.421624066716 1 111
202011060120 2459160.3657060186 387.7779478338596 1 112
202011060120 2459160.3657060186 nan nan 113
202011060120 2459160.3657060186 21830.021556030777 1 114
202011060120 2459160.3657060186 22134.66336972998 1 115
202011060120 2459160.3657060186 1525.5176805992085 1 116
202011060120 2459160.3657060186 22173.325509028306 1 117
202011060120 2459160.3657060186 22241.16853414666 1 118
202011060120 2459160.3657060186 3775.969221250826 1 119
202011060120 2459160.3657060186 -6813.817878643264 1 120
202011060120 2459160.3657060186 56539.645323898796 1 121
202011060120 2459160.3657060186 22299.94379578345 1 122
202011060120 2459160.3657060186 22223.94160036487 1 123
202011060120 2459160.3657060186 22230.65513478812 1 124
202011060120 2459160.3657060186 22267.691340667385 1 125
202011060120 2459160.3657060186 22296.855463613327 1 126
202011060120 2459160.3657060186 22272.20247365118 1 127
202011060120 2459160.3657060186 -1630.3030101626161 1 128
202011060120 2459160.3657060186 22287.92728160832 1 129
202011060120 2459160.3657060186 21881.47047843011 1 130
202011060120 2459160.3657060186 1447.3214539036585 1 131
202011060120 2459160.3657060186 22211.009371237265 1 132
202011060120 2459160.3657060186 22465.327137520104 1 133
202011060121 2459160.377291667 22268.501038529917 1 76
202011060121 2459160.377291667 22385.497736386063 1 84
202011060121 2459160.377291667 -4770.37275885508 1 85
202011060121 2459160.377291667 22194.66596529042 1 86
202011060121 2459160.377291667 21816.38256899777 1 89
202011060121 2459160.377291667 22622.097318539087 1 90
202011060121 2459160.377291667 22230.186599776913 1 92
202011060121 2459160.377291667 22380.81186775823 1 93
202011060121 2459160.377291667 -1461.5534991845004 1 94
202011060121 2459160.377291667 -13452.84033479584 1 95
202011060121 2459160.377291667 1701.2220100245772 1 98
202011060121 2459160.377291667 22663.08189182985 1 99
202011060121 2459160.377291667 nan nan 100
202011060121 2459160.377291667 -2378.342332026147 1 101
202011060121 2459160.377291667 22158.36297598933 1 102
202011060121 2459160.377291667 22273.800738621383 1 103
202011060121 2459160.377291667 22579.885831258245 1 104
202011060121 2459160.377291667 nan nan 105
202011060121 2459160.377291667 21764.78796623925 1 106
202011060121 2459160.377291667 22196.70940277481 1 107
202011060121 2459160.377291667 22212.287155087724 1 108
202011060121 2459160.377291667 -1080.9912935613606 1 109
202011060121 2459160.377291667 22687.424546162903 1 110
202011060121 2459160.377291667 22022.817833465633 1 111
202011060121 2459160.377291667 -133.68645605070444 1 112
202011060121 2459160.377291667 nan nan 113
202011060121 2459160.377291667 21782.548854725435 1 114
202011060121 2459160.377291667 22351.102769146164 1 115
202011060121 2459160.377291667 1646.1205298909308 1 116
202011060121 2459160.377291667 22171.758899869583 1 117
202011060121 2459160.377291667 22239.952262131002 1 118
202011060121 2459160.377291667 3397.937273209659 1 119
202011060121 2459160.377291667 -4169.736890545822 1 120
202011060121 2459160.377291667 22254.76863593324 1 121
202011060121 2459160.377291667 22094.035618440488 1 122
202011060121 2459160.377291667 22204.9283351204 1 123
202011060121 2459160.377291667 22169.2118165534 1 124
202011060121 2459160.377291667 22272.37088709954 1 125
202011060121 2459160.377291667 22223.380371594514 1 126
202011060121 2459160.377291667 22186.415240547678 1 127
202011060121 2459160.377291667 1232.4424812386426 1 128
202011060121 2459160.377291667 22289.139926089396 1 129
202011060121 2459160.377291667 22185.81600231881 1 130
202011060121 2459160.377291667 22283.2115998228 1 131
202011060121 2459160.377291667 22156.985920333278 1 132
202011060121 2459160.377291667 22337.784883802557 1 133
202011060122 2459160.388865741 22128.97807804215 1 76
202011060122 2459160.388865741 58091.19844240687 1 84
202011060122 2459160.388865741 -3815.0036965582667 1 85
202011060122 2459160.388865741 22290.515531853303 1 86
202011060122 2459160.388865741 21841.797739829257 1 89
202011060122 2459160.388865741 22631.500289847343 1 90
202011060122 2459160.388865741 22190.638774559266 1 92
202011060122 2459160.388865741 22240.12164051921 1 93
202011060122 2459160.388865741 -1449.4905478541887 1 94
202011060122 2459160.388865741 -4845.541056062636 1 95
202011060122 2459160.388865741 2639.548586599512 1 98
202011060122 2459160.388865741 1401.866688059468 1 99
202011060122 2459160.388865741 nan nan 100
202011060122 2459160.388865741 -824.9429733041264 1 101
202011060122 2459160.388865741 22126.313681876956 1 102
202011060122 2459160.388865741 22293.541811898096 1 103
202011060122 2459160.388865741 22481.745907335495 1 104
202011060122 2459160.388865741 nan nan 105
202011060122 2459160.388865741 21776.054295939197 1 106
202011060122 2459160.388865741 22152.89304670168 1 107
202011060122 2459160.388865741 22220.583523585643 1 108
202011060122 2459160.388865741 -1239.8950352712275 1 109
202011060122 2459160.388865741 22697.548524872567 1 110
202011060122 2459160.388865741 21998.813764499537 1 111
202011060122 2459160.388865741 -456.8953123898231 1 112
202011060122 2459160.388865741 nan nan 113
202011060122 2459160.388865741 21806.394491114836 1 114
202011060122 2459160.388865741 22359.336922938477 1 115
202011060122 2459160.388865741 1253.1718480655084 1 116
202011060122 2459160.388865741 22128.094289026096 1 117
202011060122 2459160.388865741 22219.9902387684 1 118
202011060122 2459160.388865741 22163.106431153672 1 119
202011060122 2459160.388865741 -4982.14843744872 1 120
202011060122 2459160.388865741 22289.281888573678 1 121
202011060122 2459160.388865741 22204.748723081677 1 122
202011060122 2459160.388865741 22211.684925240374 1 123
202011060122 2459160.388865741 22134.439645305276 1 124
202011060122 2459160.388865741 22235.50717921952 1 125
202011060122 2459160.388865741 22282.16048338578 1 126
202011060122 2459160.388865741 22233.57219299909 1 127
202011060122 2459160.388865741 1154.5517450112584 1 128
202011060122 2459160.388865741 22323.852849336847 1 129
202011060122 2459160.388865741 22271.03805712712 1 130
202011060122 2459160.388865741 22280.900808911814 1 131
202011060122 2459160.388865741 22209.81335328378 1 132
202011060122 2459160.388865741 22342.11287078468 1 133
202011060123 2459160.4004513887 22257.882570158068 1 76
202011060123 2459160.4004513887 67609.22189994765 1 84
202011060123 2459160.4004513887 -4547.016965905911 1 85
202011060123 2459160.4004513887 22290.055339883496 1 86
202011060123 2459160.4004513887 21752.404325915166 1 89
202011060123 2459160.4004513887 22613.11015078357 1 90
202011060123 2459160.4004513887 22281.648852450886 1 92
202011060123 2459160.4004513887 22360.137612296316 1 93
202011060123 2459160.4004513887 -1217.8478844277433 1 94
202011060123 2459160.4004513887 -6018.976857562052 1 95
202011060123 2459160.4004513887 1327.952845386673 1 98
202011060123 2459160.4004513887 1236.8153855727944 1 99
202011060123 2459160.4004513887 nan nan 100
202011060123 2459160.4004513887 -2065.5949991415196 1 101
202011060123 2459160.4004513887 22114.263521983044 1 102
202011060123 2459160.4004513887 22252.358132504778 1 103
202011060123 2459160.4004513887 22533.509011903276 1 104
202011060123 2459160.4004513887 nan nan 105
202011060123 2459160.4004513887 21767.056984540464 1 106
202011060123 2459160.4004513887 22197.01783220137 1 107
202011060123 2459160.4004513887 22592.691819947937 1 108
202011060123 2459160.4004513887 -956.404700220034 1 109
202011060123 2459160.4004513887 22698.16276889371 1 110
202011060123 2459160.4004513887 21992.77873954441 1 111
202011060123 2459160.4004513887 214.4055225381705 1 112
202011060123 2459160.4004513887 nan nan 113
202011060123 2459160.4004513887 21818.25742290604 1 114
202011060123 2459160.4004513887 22337.937904526043 1 115
202011060123 2459160.4004513887 22240.086553722118 1 116
202011060123 2459160.4004513887 22109.60664432606 1 117
202011060123 2459160.4004513887 22211.880161458725 1 118
202011060123 2459160.4004513887 4256.320763168388 1 119
202011060123 2459160.4004513887 -4684.911725810631 1 120
202011060123 2459160.4004513887 22214.11496604292 1 121
202011060123 2459160.4004513887 22227.42372585387 1 122
202011060123 2459160.4004513887 22238.14882094304 1 123
202011060123 2459160.4004513887 22067.540545345975 1 124
202011060123 2459160.4004513887 22255.436794638143 1 125
202011060123 2459160.4004513887 22255.724174653587 1 126
202011060123 2459160.4004513887 22289.510622389047 1 127
202011060123 2459160.4004513887 944.4063086687859 1 128
202011060123 2459160.4004513887 22270.559902071298 1 129
202011060123 2459160.4004513887 22151.756001517857 1 130
202011060123 2459160.4004513887 22265.02156704335 1 131
202011060123 2459160.4004513887 22153.504746741946 1 132
202011060123 2459160.4004513887 22278.047710467024 1 133
202011060124 2459160.412025463 22125.504284620692 1 76
202011060124 2459160.412025463 1148.5727788917745 1 84
202011060124 2459160.412025463 -4694.507794213186 1 85
202011060124 2459160.412025463 22281.05713926041 1 86
202011060124 2459160.412025463 21874.98040588249 1 89
202011060124 2459160.412025463 22623.609301983062 1 90
202011060124 2459160.412025463 22280.26250327747 1 92
202011060124 2459160.412025463 22354.701950348517 1 93
202011060124 2459160.412025463 -1151.853130086725 1 94
202011060124 2459160.412025463 -28676.76363886225 1 95
202011060124 2459160.412025463 2692.595425296782 1 98
202011060124 2459160.412025463 1282.5714817011199 1 99
202011060124 2459160.412025463 nan nan 100
202011060124 2459160.412025463 -2434.993044327684 1 101
202011060124 2459160.412025463 22143.558081999854 1 102
202011060124 2459160.412025463 22258.686042562244 1 103
202011060124 2459160.412025463 22510.585845208043 1 104
202011060124 2459160.412025463 nan nan 105
202011060124 2459160.412025463 21838.008828672122 1 106
202011060124 2459160.412025463 22153.344797458187 1 107
202011060124 2459160.412025463 22169.55846600905 1 108
202011060124 2459160.412025463 -157.86222344307117 1 109
202011060124 2459160.412025463 22646.63553218654 1 110
202011060124 2459160.412025463 22040.82810409452 1 111
202011060124 2459160.412025463 1118.7274773452523 1 112
202011060124 2459160.412025463 nan nan 113
202011060124 2459160.412025463 21739.687757747157 1 114
202011060124 2459160.412025463 22383.867093067405 1 115
202011060124 2459160.412025463 22272.509345086684 1 116
202011060124 2459160.412025463 22123.336366762924 1 117
202011060124 2459160.412025463 22212.293487153154 1 118
202011060124 2459160.412025463 2443.8341808887994 1 119
202011060124 2459160.412025463 -3466.883305517484 1 120
202011060124 2459160.412025463 22283.51844991633 1 121
202011060124 2459160.412025463 22177.7596749152 1 122
202011060124 2459160.412025463 22139.54385668799 1 123
202011060124 2459160.412025463 22129.22630940335 1 124
202011060124 2459160.412025463 22196.02466879631 1 125
202011060124 2459160.412025463 22155.05450958793 1 126
202011060124 2459160.412025463 22159.500180468985 1 127
202011060124 2459160.412025463 22361.14512334612 1 128
202011060124 2459160.412025463 22289.668529177343 1 129
202011060124 2459160.412025463 22210.20222419282 1 130
202011060124 2459160.412025463 22290.872315582532 1 131
202011060124 2459160.412025463 22154.60800279965 1 132
202011060124 2459160.412025463 22385.702521923147 1 133
202011060106 2459160.2030787035 22402.20826815471 1 76
202011060106 2459160.2030787035 22717.364215229212 1 84
202011060106 2459160.2030787035 1008.9588558875296 1 85
202011060106 2459160.2030787035 22367.16044068057 1 86
202011060106 2459160.2030787035 21965.391883687567 1 89
202011060106 2459160.2030787035 22452.682700470566 1 90
202011060106 2459160.2030787035 22421.356255860635 1 92
202011060106 2459160.2030787035 22432.01407029008 1 93
202011060106 2459160.2030787035 -2072.944062320302 1 94
202011060106 2459160.2030787035 -8274.727037527828 1 95
202011060106 2459160.2030787035 1380.2518443632462 1 98
202011060106 2459160.2030787035 1261.5333023021417 1 99
202011060106 2459160.2030787035 nan nan 100
202011060106 2459160.2030787035 -852.4844512097229 1 101
202011060106 2459160.2030787035 22272.16787257756 1 102
202011060106 2459160.2030787035 22486.494427091275 1 103
202011060106 2459160.2030787035 22489.990123488817 1 104
202011060106 2459160.2030787035 nan nan 105
202011060106 2459160.2030787035 21759.14392969881 1 106
202011060106 2459160.2030787035 22368.70432228357 1 107
202011060106 2459160.2030787035 22232.501338708807 1 108
202011060106 2459160.2030787035 220.6294895875902 1 109
202011060106 2459160.2030787035 22781.873953180115 1 110
202011060106 2459160.2030787035 22129.86712545809 1 111
202011060106 2459160.2030787035 1412.072339589055 1 112
202011060106 2459160.2030787035 nan nan 113
202011060106 2459160.2030787035 21939.863648053346 1 114
202011060106 2459160.2030787035 22597.360674239062 1 115
202011060106 2459160.2030787035 1242.88417317565 1 116
202011060106 2459160.2030787035 22138.955222650213 1 117
202011060106 2459160.2030787035 22434.84924033964 1 118
202011060106 2459160.2030787035 2171.846770555262 1 119
202011060106 2459160.2030787035 -7765.298881674745 1 120
202011060106 2459160.2030787035 22413.421469627818 1 121
202011060106 2459160.2030787035 22310.730033803502 1 122
202011060106 2459160.2030787035 22158.77442470981 1 123
202011060106 2459160.2030787035 22264.530833306973 1 124
202011060106 2459160.2030787035 22183.907055616794 1 125
202011060106 2459160.2030787035 22430.88592363201 1 126
202011060106 2459160.2030787035 1480.5783096419184 1 127
202011060106 2459160.2030787035 1226.005797950375 1 128
202011060106 2459160.2030787035 22320.17718396053 1 129
202011060106 2459160.2030787035 1565.8032280406098 1 130
202011060106 2459160.2030787035 1787.2036687127018 1 131
202011060106 2459160.2030787035 22885.790266263615 1 132
202011060106 2459160.2030787035 22463.011116232745 1 133
202011090049 2459163.2226736112 22050.61295948723 1 76
202011090049 2459163.2226736112 22185.99099357081 1 84
202011090049 2459163.2226736112 -4277.004686557661 1 85
202011090049 2459163.2226736112 22153.005010210487 1 86
202011090049 2459163.2226736112 21669.28040455953 1 89
202011090049 2459163.2226736112 22460.804993664882 1 90
202011090049 2459163.2226736112 22161.003688846173 1 92
202011090049 2459163.2226736112 22253.31859609794 1 93
202011090049 2459163.2226736112 -1571.342108904202 1 94
202011090049 2459163.2226736112 -11685.968272696682 1 95
202011090049 2459163.2226736112 21775.094014337254 1 98
202011090049 2459163.2226736112 1201.3888594921368 1 99
202011090049 2459163.2226736112 nan nan 100
202011090049 2459163.2226736112 -1673.1753760618408 1 101
202011090049 2459163.2226736112 22052.14366570796 1 102
202011090049 2459163.2226736112 22213.60224284072 1 103
202011090049 2459163.2226736112 22419.343240923463 1 104
202011090049 2459163.2226736112 nan nan 105
202011090049 2459163.2226736112 21708.484063250937 1 106
202011090049 2459163.2226736112 22082.41498250508 1 107
202011090049 2459163.2226736112 22101.572443907957 1 108
202011090049 2459163.2226736112 -1381.1558397595707 1 109
202011090049 2459163.2226736112 22587.228557384242 1 110
202011090049 2459163.2226736112 21929.00471113917 1 111
202011090049 2459163.2226736112 -730.2530084907844 1 112
202011090049 2459163.2226736112 nan nan 113
202011090049 2459163.2226736112 21722.270306106973 1 114
202011090049 2459163.2226736112 22278.02231239442 1 115
202011090049 2459163.2226736112 1091.8769980885713 1 116
202011090049 2459163.2226736112 22041.69314637308 1 117
202011090049 2459163.2226736112 22125.614464651575 1 118
202011090049 2459163.2226736112 2894.131976323114 1 119
202011090049 2459163.2226736112 -4222.780754090252 1 120
202011090049 2459163.2226736112 55559.78176571885 1 121
202011090049 2459163.2226736112 22094.819641470134 1 122
202011090049 2459163.2226736112 22097.321449914503 1 123
202011090049 2459163.2226736112 22140.81603076301 1 124
202011090049 2459163.2226736112 22135.67590644237 1 125
202011090049 2459163.2226736112 22210.64131580284 1 126
202011090049 2459163.2226736112 22090.594056794554 1 127
202011090049 2459163.2226736112 1227.443916393199 1 128
202011090049 2459163.2226736112 22177.475745458465 1 129
202011090049 2459163.2226736112 21805.11310949328 1 130
202011090049 2459163.2226736112 22123.807495423633 1 131
202011090049 2459163.2226736112 22096.307937790792 1 132
202011090049 2459163.2226736112 22210.393471925305 1 133
202011090050 2459163.2448958335 22044.9434787985 1 76
202011090050 2459163.2448958335 22192.363643273744 1 84
202011090050 2459163.2448958335 -3989.071132815585 1 85
202011090050 2459163.2448958335 22150.79852790225 1 86
202011090050 2459163.2448958335 21690.10219415777 1 89
202011090050 2459163.2448958335 22489.369538053652 1 90
202011090050 2459163.2448958335 22161.82361852291 1 92
202011090050 2459163.2448958335 22239.772414528896 1 93
202011090050 2459163.2448958335 -1997.7080308977577 1 94
202011090050 2459163.2448958335 -6964.87793970771 1 95
202011090050 2459163.2448958335 21795.276579832625 1 98
202011090050 2459163.2448958335 997.8364312923621 1 99
202011090050 2459163.2448958335 nan nan 100
202011090050 2459163.2448958335 -2083.5420176652788 1 101
202011090050 2459163.2448958335 22046.616726284967 1 102
202011090050 2459163.2448958335 22164.305704555925 1 103
202011090050 2459163.2448958335 22388.827228325823 1 104
202011090050 2459163.2448958335 nan nan 105
202011090050 2459163.2448958335 21684.079622242436 1 106
202011090050 2459163.2448958335 22112.044993280753 1 107
202011090050 2459163.2448958335 22115.367641240427 1 108
202011090050 2459163.2448958335 -1275.23852446082 1 109
202011090050 2459163.2448958335 22587.652788246116 1 110
202011090050 2459163.2448958335 21910.64138297704 1 111
202011090050 2459163.2448958335 -576.6547524829128 1 112
202011090050 2459163.2448958335 nan nan 113
202011090050 2459163.2448958335 21716.29065531712 1 114
202011090050 2459163.2448958335 22247.54430908571 1 115
202011090050 2459163.2448958335 1081.4440929434616 1 116
202011090050 2459163.2448958335 22065.71200860487 1 117
202011090050 2459163.2448958335 22103.369400296844 1 118
202011090050 2459163.2448958335 3364.870887660184 1 119
202011090050 2459163.2448958335 -5455.041194150234 1 120
202011090050 2459163.2448958335 22145.143865247115 1 121
202011090050 2459163.2448958335 22093.49133206971 1 122
202011090050 2459163.2448958335 22118.161522260125 1 123
202011090050 2459163.2448958335 22106.724658264386 1 124
202011090050 2459163.2448958335 22097.85976428233 1 125
202011090050 2459163.2448958335 22169.13655052873 1 126
202011090050 2459163.2448958335 22057.579522201555 1 127
202011090050 2459163.2448958335 -1907.2885236475552 1 128
202011090050 2459163.2448958335 22202.32643355143 1 129
202011090050 2459163.2448958335 22055.369650917404 1 130
202011090050 2459163.2448958335 22176.921924903574 1 131
202011090050 2459163.2448958335 21989.0249872787 1 132
202011090050 2459163.2448958335 22209.649856456563 1 133
202011090051 2459163.2668171297 22061.309764262533 1 76
202011090051 2459163.2668171297 57157.124028610466 1 84
202011090051 2459163.2668171297 -4322.8095305428205 1 85
202011090051 2459163.2668171297 22165.412517971527 1 86
202011090051 2459163.2668171297 21705.336493080235 1 89
202011090051 2459163.2668171297 22417.617647145336 1 90
202011090051 2459163.2668171297 22184.84629460232 1 92
202011090051 2459163.2668171297 22242.685104212782 1 93
202011090051 2459163.2668171297 -1942.7592869629555 1 94
202011090051 2459163.2668171297 -15684.04973236462 1 95
202011090051 2459163.2668171297 21810.017854997528 1 98
202011090051 2459163.2668171297 1221.3489139837673 1 99
202011090051 2459163.2668171297 nan nan 100
202011090051 2459163.2668171297 -1494.6373377075954 1 101
202011090051 2459163.2668171297 22065.577898670927 1 102
202011090051 2459163.2668171297 22191.922797520547 1 103
202011090051 2459163.2668171297 22434.827585494113 1 104
202011090051 2459163.2668171297 nan nan 105
202011090051 2459163.2668171297 21689.659339349048 1 106
202011090051 2459163.2668171297 22067.778451926857 1 107
202011090051 2459163.2668171297 22113.663218949045 1 108
202011090051 2459163.2668171297 -1125.5896880628195 1 109
202011090051 2459163.2668171297 22544.62690237653 1 110
202011090051 2459163.2668171297 21907.229668152104 1 111
202011090051 2459163.2668171297 -692.8556377767778 1 112
202011090051 2459163.2668171297 nan nan 113
202011090051 2459163.2668171297 21763.15637700826 1 114
202011090051 2459163.2668171297 22279.304726870334 1 115
202011090051 2459163.2668171297 1237.0813930250913 1 116
202011090051 2459163.2668171297 22068.44319222597 1 117
202011090051 2459163.2668171297 22142.80947471267 1 118
202011090051 2459163.2668171297 3406.9215030226287 1 119
202011090051 2459163.2668171297 -3802.815672957899 1 120
202011090051 2459163.2668171297 22155.45870819042 1 121
202011090051 2459163.2668171297 22055.876376420987 1 122
202011090051 2459163.2668171297 22102.674897925725 1 123
202011090051 2459163.2668171297 22169.051605931538 1 124
202011090051 2459163.2668171297 22117.499064312262 1 125
202011090051 2459163.2668171297 22182.061037243966 1 126
202011090051 2459163.2668171297 22076.569597727037 1 127
202011090051 2459163.2668171297 1423.9698076873842 1 128
202011090051 2459163.2668171297 22148.231882027263 1 129
202011090051 2459163.2668171297 22147.272513485015 1 130
202011090051 2459163.2668171297 22123.27457761301 1 131
202011090051 2459163.2668171297 22112.896712226848 1 132
202011090051 2459163.2668171297 22218.985007686897 1 133
202011090052 2459163.288738426 22090.68180070482 1 76
202011090052 2459163.288738426 22140.696321324904 1 84
202011090052 2459163.288738426 -5828.550247328047 1 85
202011090052 2459163.288738426 22156.736114150724 1 86
202011090052 2459163.288738426 21675.994423090662 1 89
202011090052 2459163.288738426 22477.476827057708 1 90
202011090052 2459163.288738426 22177.29371276611 1 92
202011090052 2459163.288738426 22235.558766113776 1 93
202011090052 2459163.288738426 -2030.9177325143714 1 94
202011090052 2459163.288738426 -14575.651168777502 1 95
202011090052 2459163.288738426 1405.7211947005153 1 98
202011090052 2459163.288738426 1191.2714472235718 1 99
202011090052 2459163.288738426 nan nan 100
202011090052 2459163.288738426 -1856.0054921747965 1 101
202011090052 2459163.288738426 22060.646223601074 1 102
202011090052 2459163.288738426 22154.234856911822 1 103
202011090052 2459163.288738426 22376.80569463334 1 104
202011090052 2459163.288738426 nan nan 105
202011090052 2459163.288738426 21662.012109139778 1 106
202011090052 2459163.288738426 22072.170747998774 1 107
202011090052 2459163.288738426 22065.5845666517 1 108
202011090052 2459163.288738426 -1345.9907862178586 1 109
202011090052 2459163.288738426 22600.508189541863 1 110
202011090052 2459163.288738426 21951.248091067122 1 111
202011090052 2459163.288738426 -635.579677990747 1 112
202011090052 2459163.288738426 nan nan 113
202011090052 2459163.288738426 21690.855971630426 1 114
202011090052 2459163.288738426 22232.088831665853 1 115
202011090052 2459163.288738426 22197.422690746593 1 116
202011090052 2459163.288738426 22029.62493799305 1 117
202011090052 2459163.288738426 22173.18671804541 1 118
202011090052 2459163.288738426 3968.9557108600393 1 119
202011090052 2459163.288738426 -4626.285239162112 1 120
202011090052 2459163.288738426 22168.012167192654 1 121
202011090052 2459163.288738426 22063.863201788437 1 122
202011090052 2459163.288738426 22075.30301442201 1 123
202011090052 2459163.288738426 22108.03224462576 1 124
202011090052 2459163.288738426 22125.963274915364 1 125
202011090052 2459163.288738426 22142.540105309887 1 126
202011090052 2459163.288738426 22217.838781936065 1 127
202011090052 2459163.288738426 1283.4948651225247 1 128
202011090052 2459163.288738426 22101.75638674522 1 129
202011090052 2459163.288738426 22131.2979099728 1 130
202011090052 2459163.288738426 1611.8658502887715 1 131
202011090052 2459163.288738426 22096.68508426166 1 132
202011090052 2459163.288738426 22159.825877357358 1 133
