202011060107 2459160.215011574 nan nan
202011060108 2459160.226747685 nan nan
202011060109 2459160.2383333333 nan nan
202011060110 2459160.2499074074 nan nan
202011060111 2459160.2614814816 nan nan
202011060112 2459160.27306713 nan nan
202011060113 2459160.284641204 nan nan
202011060114 2459160.2962268516 nan nan
202011060115 2459160.307800926 nan nan
202011060116 2459160.319386574 nan nan
202011060118 2459160.3425462963 nan nan
202011060119 2459160.3541203705 nan nan
202011060120 2459160.3657060186 nan nan
202011060121 2459160.377291667 nan nan
202011060122 2459160.388865741 nan nan
202011060123 2459160.4004513887 nan nan
202011060124 2459160.412025463 nan nan
202011060106 2459160.2030787035 nan nan
202011090049 2459163.2226736112 nan nan
202011090050 2459163.2448958335 nan nan
202011090051 2459163.2668171297 nan nan
202011090052 2459163.288738426 nan nan
