202103050090 2459279.5402546297 nan nan
202103050091 2459279.5557291666 nan nan
202103050092 2459279.5707870373 nan nan
202103050093 2459279.5858333334 nan nan
202103050094 2459279.6008912036 nan nan
202103050095 2459279.6159606483 nan nan
202103050096 2459279.6310185185 nan nan
202103050097 2459279.6460763887 nan nan
202103050098 2459279.6611342593 nan nan
202103050099 2459279.6761921295 nan nan
202103050100 2459279.69125 nan nan
202103050101 2459279.7063078703 nan nan
202103050102 2459279.7213657405 nan nan
202103080079 2459282.4625462964 nan nan
202103080080 2459282.4775925926 nan nan
202103080081 2459282.492650463 nan nan
202103080082 2459282.5076967594 nan nan
202103080083 2459282.5227893516 nan nan
202103080084 2459282.5378935183 nan nan
202103080085 2459282.552974537 nan nan
202103080086 2459282.5680439817 nan nan
202103080087 2459282.583125 nan nan
202103080088 2459282.5982060186 nan nan
202103080089 2459282.6132870372 nan nan
202103080090 2459282.6283564814 nan nan
202103080091 2459282.643449074 nan nan
202103080092 2459282.658541667 nan nan
202103080093 2459282.673634259 nan nan
202103080094 2459282.6887268517 nan nan
202103080095 2459282.7038425924 nan nan
202104230080 2459328.4171875 nan nan
202104230081 2459328.4322569445 nan nan
202104230082 2459328.4473148147 nan nan
202104230083 2459328.4623611113 nan nan
202104230084 2459328.4774189815 nan nan
202104230085 2459328.4924652777 nan nan
202104230086 2459328.507511574 nan nan
202104230087 2459328.5225694445 nan nan
202104230091 2459328.5827893517 nan nan
202104230092 2459328.5978472224 nan nan
202104230093 2459328.6129050925 nan nan
202104230094 2459328.627962963 nan nan
202104260064 2459331.3137037037 nan nan
202104260065 2459331.3287962964 nan nan
202104260066 2459331.3438541666 nan nan
202104260067 2459331.3589004627 nan nan
202104260068 2459331.3739583334 nan nan
202104260069 2459331.3890162036 nan nan
202104260070 2459331.4040625 nan nan
202104260071 2459331.4191203704 nan nan
202104260072 2459331.4341782406 nan nan
202104260073 2459331.4492245372 nan nan
202104260074 2459331.4642939814 nan nan
202104260075 2459331.4793402776 nan nan
202104260076 2459331.4944097223 nan nan
202104260077 2459331.5094675925 nan nan
202104260078 2459331.524548611 nan nan
202104260079 2459331.5396064813 nan nan
202104260080 2459331.554675926 nan nan
202103060085 2459280.6056597224 nan nan
202103060086 2459280.6275925925 nan nan
202103060087 2459280.649525463 nan nan
202103060088 2459280.6714583333 nan nan
202104230079 2459328.4011689816 nan nan
202104260081 2459331.569861111 nan nan
