202102240086 2459270.543611111 -11962.148243780373 1 76
202102240086 2459270.543611111 -11870.867051096753 1 84
202102240086 2459270.543611111 1283.06496958783 1 85
202102240086 2459270.543611111 -10971.489792639144 1 86
202102240086 2459270.543611111 -11193.068244972288 1 89
202102240086 2459270.543611111 -11898.47395018466 1 90
202102240086 2459270.543611111 -11297.623749180697 1 92
202102240086 2459270.543611111 -11507.580424220976 1 93
202102240086 2459270.543611111 -12050.267717815495 1 94
202102240086 2459270.543611111 -12804.378571561769 1 98
202102240086 2459270.543611111 -7411.155854364393 1 99
202102240086 2459270.543611111 nan nan 100
202102240086 2459270.543611111 -12879.317937851409 1 101
202102240086 2459270.543611111 -11125.616180976 1 102
202102240086 2459270.543611111 -11940.071802252685 1 103
202102240086 2459270.543611111 -11886.872885687844 1 104
202102240086 2459270.543611111 nan nan 105
202102240086 2459270.543611111 -12014.912874907342 1 106
202102240086 2459270.543611111 -11740.232642317289 1 107
202102240086 2459270.543611111 -12007.112876777614 1 108
202102240086 2459270.543611111 -11965.99687837979 1 109
202102240086 2459270.543611111 -11300.889803797547 1 110
202102240086 2459270.543611111 -12126.790673197076 1 111
202102240086 2459270.543611111 -11840.743946973256 1 112
202102240086 2459270.543611111 nan nan 113
202102240086 2459270.543611111 -12172.804076869179 1 114
202102240086 2459270.543611111 -12349.490080731532 1 115
202102240086 2459270.543611111 -11854.742017782753 1 116
202102240086 2459270.543611111 -12629.976036239608 1 117
202102240086 2459270.543611111 -10825.227402256762 1 118
202102240086 2459270.543611111 -11044.049116880207 1 119
202102240086 2459270.543611111 -12430.09898079386 1 120
202102240086 2459270.543611111 -12017.80413052511 1 121
202102240086 2459270.543611111 -12339.256769754227 1 122
202102240086 2459270.543611111 -12653.672673565707 1 123
202102240086 2459270.543611111 -12162.249843054622 1 124
202102240086 2459270.543611111 -11728.69458776569 1 125
202102240086 2459270.543611111 -11419.497539547627 1 126
202102240086 2459270.543611111 -12370.361936891375 1 127
202102240086 2459270.543611111 -11471.947401946069 1 128
202102240086 2459270.543611111 -10649.536493209971 1 129
202102240086 2459270.543611111 -11856.65430879264 1 130
202102240086 2459270.543611111 -14046.909976485322 1 131
202102240086 2459270.543611111 928.7381149629012 1 132
202102240086 2459270.543611111 -12780.37998759593 1 133
202102240087 2459270.5660416665 -12117.519776367515 1 76
202102240087 2459270.5660416665 -9945.003635572304 1 84
202102240087 2459270.5660416665 -9566.662267298378 1 85
202102240087 2459270.5660416665 -12253.973190199205 1 86
202102240087 2459270.5660416665 -11404.579633861093 1 89
202102240087 2459270.5660416665 -11803.971055084186 1 90
202102240087 2459270.5660416665 -11646.631351514525 1 92
202102240087 2459270.5660416665 -11264.980625644952 1 93
202102240087 2459270.5660416665 -11695.310295042718 1 94
202102240087 2459270.5660416665 1453.8744282720481 1 98
202102240087 2459270.5660416665 -11052.208151671864 1 99
202102240087 2459270.5660416665 nan nan 100
202102240087 2459270.5660416665 -13520.640929350873 1 101
202102240087 2459270.5660416665 -11838.27425749682 1 102
202102240087 2459270.5660416665 -12049.38445684262 1 103
202102240087 2459270.5660416665 -11761.984909386607 1 104
202102240087 2459270.5660416665 nan nan 105
202102240087 2459270.5660416665 -12319.503130264307 1 106
202102240087 2459270.5660416665 -11967.975011071858 1 107
202102240087 2459270.5660416665 -11912.93805779396 1 108
202102240087 2459270.5660416665 -11860.821779300855 1 109
202102240087 2459270.5660416665 -11293.956464893201 1 110
202102240087 2459270.5660416665 -11859.004171374812 1 111
202102240087 2459270.5660416665 -12285.676933395205 1 112
202102240087 2459270.5660416665 nan nan 113
202102240087 2459270.5660416665 -12259.759239243827 1 114
202102240087 2459270.5660416665 -11899.176031419778 1 115
202102240087 2459270.5660416665 -12173.990067167959 1 116
202102240087 2459270.5660416665 -13226.736544571299 1 117
202102240087 2459270.5660416665 -11022.248305524534 1 118
202102240087 2459270.5660416665 -11572.619027860128 1 119
202102240087 2459270.5660416665 -12557.921200010129 1 120
202102240087 2459270.5660416665 -12224.064073154601 1 121
202102240087 2459270.5660416665 -11819.93997939666 1 122
202102240087 2459270.5660416665 -12358.638725257331 1 123
202102240087 2459270.5660416665 -11933.623725155929 1 124
202102240087 2459270.5660416665 -12576.774093593305 1 125
202102240087 2459270.5660416665 -11820.60819326556 1 126
202102240087 2459270.5660416665 -12385.683412907034 1 127
202102240087 2459270.5660416665 -11871.127781070565 1 128
202102240087 2459270.5660416665 -12420.164783887933 1 129
202102240087 2459270.5660416665 -11414.333117257538 1 130
202102240087 2459270.5660416665 -11981.792407551859 1 131
202102240087 2459270.5660416665 -11171.19633543608 1 132
202102240087 2459270.5660416665 -12289.452803702536 1 133
202102240088 2459270.588032407 -11754.938960122792 1 76
202102240088 2459270.588032407 -9778.151741292993 1 84
202102240088 2459270.588032407 1057.5308385576013 1 85
202102240088 2459270.588032407 -11393.583544596619 1 86
202102240088 2459270.588032407 -11622.524618077052 1 89
202102240088 2459270.588032407 -11519.691325131536 1 90
202102240088 2459270.588032407 -11567.642605022837 1 92
202102240088 2459270.588032407 -11592.445695455119 1 93
202102240088 2459270.588032407 -12295.257835102982 1 94
202102240088 2459270.588032407 -11190.029365179364 1 98
202102240088 2459270.588032407 -11559.281106365914 1 99
202102240088 2459270.588032407 nan nan 100
202102240088 2459270.588032407 -12845.991395554673 1 101
202102240088 2459270.588032407 -11539.38540546558 1 102
202102240088 2459270.588032407 -11841.560391094496 1 103
202102240088 2459270.588032407 -11558.72739178416 1 104
202102240088 2459270.588032407 nan nan 105
202102240088 2459270.588032407 -12535.49296142169 1 106
202102240088 2459270.588032407 -11952.089009681471 1 107
202102240088 2459270.588032407 -11517.412947864486 1 108
202102240088 2459270.588032407 -11968.252587923498 1 109
202102240088 2459270.588032407 -11266.213645087555 1 110
202102240088 2459270.588032407 -12052.505436959462 1 111
202102240088 2459270.588032407 -11667.153899717685 1 112
202102240088 2459270.588032407 nan nan 113
202102240088 2459270.588032407 -12243.515887940777 1 114
202102240088 2459270.588032407 -12016.989414680324 1 115
202102240088 2459270.588032407 -12237.649599305068 1 116
202102240088 2459270.588032407 -10990.085787123613 1 117
202102240088 2459270.588032407 -10884.85308110162 1 118
202102240088 2459270.588032407 -13050.532461336534 1 119
202102240088 2459270.588032407 -12307.673467208182 1 120
202102240088 2459270.588032407 -11442.7160866484 1 121
202102240088 2459270.588032407 -11636.731528789735 1 122
202102240088 2459270.588032407 -12249.063501600962 1 123
202102240088 2459270.588032407 -11971.972408759832 1 124
202102240088 2459270.588032407 -11834.327546357405 1 125
202102240088 2459270.588032407 -11542.519166836459 1 126
202102240088 2459270.588032407 -11765.40251099348 1 127
202102240088 2459270.588032407 -11701.054270801347 1 128
202102240088 2459270.588032407 -11804.38813796748 1 129
202102240088 2459270.588032407 -12143.0631281882 1 130
202102240088 2459270.588032407 -12388.78428011065 1 131
202102240088 2459270.588032407 -11773.968289746454 1 132
202102240088 2459270.588032407 -11629.263170962231 1 133
202102240089 2459270.610011574 -11568.093269209057 1 76
202102240089 2459270.610011574 -11742.933405629392 1 84
202102240089 2459270.610011574 1173.5731974459234 1 85
202102240089 2459270.610011574 -12350.425977974632 1 86
202102240089 2459270.610011574 -11303.819027998095 1 89
202102240089 2459270.610011574 -10673.328358108243 1 90
202102240089 2459270.610011574 -11750.546013887517 1 92
202102240089 2459270.610011574 -11655.859345591904 1 93
202102240089 2459270.610011574 -11708.07804883215 1 94
202102240089 2459270.610011574 -12319.937144191976 1 98
202102240089 2459270.610011574 647.8244893085314 1 99
202102240089 2459270.610011574 nan nan 100
202102240089 2459270.610011574 -11019.109868304282 1 101
202102240089 2459270.610011574 -11450.6634663046 1 102
202102240089 2459270.610011574 -11769.461644596618 1 103
202102240089 2459270.610011574 -11607.749453001401 1 104
202102240089 2459270.610011574 nan nan 105
202102240089 2459270.610011574 -12427.210613149224 1 106
202102240089 2459270.610011574 -12597.427676159868 1 107
202102240089 2459270.610011574 -11907.941007471965 1 108
202102240089 2459270.610011574 -12311.145761663574 1 109
202102240089 2459270.610011574 -11510.574073858039 1 110
202102240089 2459270.610011574 -12071.063545441008 1 111
202102240089 2459270.610011574 -8413.672178286673 1 112
202102240089 2459270.610011574 nan nan 113
202102240089 2459270.610011574 -12378.683237150042 1 114
202102240089 2459270.610011574 -11754.766119930775 1 115
202102240089 2459270.610011574 -12178.081309156145 1 116
202102240089 2459270.610011574 -11697.992176799604 1 117
202102240089 2459270.610011574 -11335.991995492326 1 118
202102240089 2459270.610011574 -11768.027129862232 1 119
202102240089 2459270.610011574 -11633.573178267336 1 120
202102240089 2459270.610011574 -11830.848064764168 1 121
202102240089 2459270.610011574 -12008.289313633662 1 122
202102240089 2459270.610011574 -12475.063069024192 1 123
202102240089 2459270.610011574 -11444.211115120064 1 124
202102240089 2459270.610011574 -12245.824596709073 1 125
202102240089 2459270.610011574 -11872.801658760482 1 126
202102240089 2459270.610011574 -11651.68980301516 1 127
202102240089 2459270.610011574 -11911.448380752434 1 128
202102240089 2459270.610011574 -11891.805372956072 1 129
202102240089 2459270.610011574 -12541.284046136994 1 130
202102240089 2459270.610011574 -11344.986651578989 1 131
202102240089 2459270.610011574 -11589.072337030026 1 132
202102240089 2459270.610011574 -11658.877913155295 1 133
202102240090 2459270.632002315 -12336.285520023604 1 76
202102240090 2459270.632002315 -13581.763497122449 1 84
202102240090 2459270.632002315 1012.4458426924919 1 85
202102240090 2459270.632002315 -12743.803145346948 1 86
202102240090 2459270.632002315 -11378.114679224718 1 89
202102240090 2459270.632002315 -12435.724499172245 1 90
202102240090 2459270.632002315 -11654.3098543268 1 92
202102240090 2459270.632002315 -11680.448554896637 1 93
202102240090 2459270.632002315 -12515.766586371714 1 94
202102240090 2459270.632002315 -12907.102267678178 1 98
202102240090 2459270.632002315 -15441.914525382957 1 99
202102240090 2459270.632002315 nan nan 100
202102240090 2459270.632002315 -13319.17047142801 1 101
202102240090 2459270.632002315 -11494.680385879872 1 102
202102240090 2459270.632002315 -12230.25846941084 1 103
202102240090 2459270.632002315 -11396.881274919137 1 104
202102240090 2459270.632002315 nan nan 105
202102240090 2459270.632002315 -12106.0527878489 1 106
202102240090 2459270.632002315 -11688.853529753713 1 107
202102240090 2459270.632002315 -12217.387855392597 1 108
202102240090 2459270.632002315 -11963.048184838271 1 109
202102240090 2459270.632002315 -11436.456040763727 1 110
202102240090 2459270.632002315 -11553.208412953285 1 111
202102240090 2459270.632002315 -11029.443735198112 1 112
202102240090 2459270.632002315 nan nan 113
202102240090 2459270.632002315 -12358.68180653056 1 114
202102240090 2459270.632002315 -11708.220429840416 1 115
202102240090 2459270.632002315 -11914.90065159064 1 116
202102240090 2459270.632002315 -11844.318500349478 1 117
202102240090 2459270.632002315 -11410.283373648841 1 118
202102240090 2459270.632002315 -11269.332518375562 1 119
202102240090 2459270.632002315 -12133.729751570907 1 120
202102240090 2459270.632002315 -12048.239756451358 1 121
202102240090 2459270.632002315 -12274.952307371337 1 122
202102240090 2459270.632002315 -12694.165001299592 1 123
202102240090 2459270.632002315 -11647.255983407444 1 124
202102240090 2459270.632002315 -11946.788346617015 1 125
202102240090 2459270.632002315 -11451.233016515498 1 126
202102240090 2459270.632002315 -11698.309355586247 1 127
202102240090 2459270.632002315 -11965.671816633509 1 128
202102240090 2459270.632002315 -11599.96590898699 1 129
202102240090 2459270.632002315 -11833.977635879492 1 130
202102240090 2459270.632002315 -12018.68621788783 1 131
202102240090 2459270.632002315 -12303.967242899784 1 132
202102240090 2459270.632002315 -11732.766863448147 1 133
202102240091 2459270.6539930557 -11173.8609990886 1 76
202102240091 2459270.6539930557 -11758.62994905894 1 84
202102240091 2459270.6539930557 1523.8343475225072 1 85
202102240091 2459270.6539930557 -12341.477824119953 1 86
202102240091 2459270.6539930557 -11870.711501497763 1 89
202102240091 2459270.6539930557 -11396.506436453465 1 90
202102240091 2459270.6539930557 -11689.775168377495 1 92
202102240091 2459270.6539930557 -11536.838068514431 1 93
202102240091 2459270.6539930557 -11678.390555889368 1 94
202102240091 2459270.6539930557 -12825.293371920869 1 98
202102240091 2459270.6539930557 -743.7656713272071 1 99
202102240091 2459270.6539930557 nan nan 100
202102240091 2459270.6539930557 -11606.129506296522 1 101
202102240091 2459270.6539930557 -12331.205700566185 1 102
202102240091 2459270.6539930557 -11794.909656938407 1 103
202102240091 2459270.6539930557 -11121.02952335573 1 104
202102240091 2459270.6539930557 nan nan 105
202102240091 2459270.6539930557 -12169.260509291567 1 106
202102240091 2459270.6539930557 -11968.5908637964 1 107
202102240091 2459270.6539930557 -12008.476947701502 1 108
202102240091 2459270.6539930557 -11969.445945365569 1 109
202102240091 2459270.6539930557 -11483.783035178594 1 110
202102240091 2459270.6539930557 -11917.089789665195 1 111
202102240091 2459270.6539930557 -11740.967482762155 1 112
202102240091 2459270.6539930557 nan nan 113
202102240091 2459270.6539930557 -12244.059128965433 1 114
202102240091 2459270.6539930557 -11677.631523016104 1 115
202102240091 2459270.6539930557 -12031.147449950395 1 116
202102240091 2459270.6539930557 -11693.707435371573 1 117
202102240091 2459270.6539930557 -11591.463318064036 1 118
202102240091 2459270.6539930557 -10475.278660756867 1 119
202102240091 2459270.6539930557 -12488.80383294593 1 120
202102240091 2459270.6539930557 -11917.087446533693 1 121
202102240091 2459270.6539930557 -12029.167370839295 1 122
202102240091 2459270.6539930557 -12293.606801624826 1 123
202102240091 2459270.6539930557 -12397.704972310179 1 124
202102240091 2459270.6539930557 -11443.741064066711 1 125
202102240091 2459270.6539930557 -11574.899874307 1 126
202102240091 2459270.6539930557 -11881.594158765192 1 127
202102240091 2459270.6539930557 -11985.299895324042 1 128
202102240091 2459270.6539930557 -12456.403066254516 1 129
202102240091 2459270.6539930557 -12114.532026313858 1 130
202102240091 2459270.6539930557 -10460.808231253963 1 131
202102240091 2459270.6539930557 701.4541239554649 1 132
202102240091 2459270.6539930557 -11724.90318258194 1 133
202102240092 2459270.676574074 -11676.437911572262 1 76
202102240092 2459270.676574074 -9377.838845129687 1 84
202102240092 2459270.676574074 1149.7002889432772 1 85
202102240092 2459270.676574074 -12225.587864130024 1 86
202102240092 2459270.676574074 -11610.666681323693 1 89
202102240092 2459270.676574074 -11109.309688620171 1 90
202102240092 2459270.676574074 -11655.585889993783 1 92
202102240092 2459270.676574074 -11817.913804934818 1 93
202102240092 2459270.676574074 -11683.148472358725 1 94
202102240092 2459270.676574074 -12377.899619282483 1 98
202102240092 2459270.676574074 -11014.582209935472 1 99
202102240092 2459270.676574074 nan nan 100
202102240092 2459270.676574074 -13133.552697339604 1 101
202102240092 2459270.676574074 -11670.413458396251 1 102
202102240092 2459270.676574074 -12046.947490687104 1 103
202102240092 2459270.676574074 -11925.164152159823 1 104
202102240092 2459270.676574074 nan nan 105
202102240092 2459270.676574074 -11946.593353425971 1 106
202102240092 2459270.676574074 -12178.165886085257 1 107
202102240092 2459270.676574074 -12518.676975627926 1 108
202102240092 2459270.676574074 -11908.188852035564 1 109
202102240092 2459270.676574074 -11690.735125939089 1 110
202102240092 2459270.676574074 -11950.301201615226 1 111
202102240092 2459270.676574074 -11747.396491060817 1 112
202102240092 2459270.676574074 nan nan 113
202102240092 2459270.676574074 -10412.975378766061 1 114
202102240092 2459270.676574074 -11950.915170649341 1 115
202102240092 2459270.676574074 -12207.905613149971 1 116
202102240092 2459270.676574074 -11950.224341228322 1 117
202102240092 2459270.676574074 -11074.28700937198 1 118
202102240092 2459270.676574074 -11877.263391195678 1 119
202102240092 2459270.676574074 -12591.451369071116 1 120
202102240092 2459270.676574074 -11735.143665707152 1 121
202102240092 2459270.676574074 -11964.46829706589 1 122
202102240092 2459270.676574074 -11502.896119252619 1 123
202102240092 2459270.676574074 -12005.492258036422 1 124
202102240092 2459270.676574074 -11927.09627469052 1 125
202102240092 2459270.676574074 -11571.700112026127 1 126
202102240092 2459270.676574074 -11651.592607793636 1 127
202102240092 2459270.676574074 -11662.363876877183 1 128
202102240092 2459270.676574074 -11338.593389978818 1 129
202102240092 2459270.676574074 -12067.509908496912 1 130
202102240092 2459270.676574074 -12151.648798227505 1 131
202102240092 2459270.676574074 -10584.21559624233 1 132
202102240092 2459270.676574074 -12104.52500107135 1 133
202102240093 2459270.698761574 -11679.340163088034 1 76
202102240093 2459270.698761574 -10674.595860005695 1 84
202102240093 2459270.698761574 -10654.886817303439 1 85
202102240093 2459270.698761574 -13198.404244695947 1 86
202102240093 2459270.698761574 -11357.641663109136 1 89
202102240093 2459270.698761574 -11834.2603123255 1 90
202102240093 2459270.698761574 -12022.575379293203 1 92
202102240093 2459270.698761574 -11504.551429241777 1 93
202102240093 2459270.698761574 -11304.799589975786 1 94
202102240093 2459270.698761574 -11177.293196411576 1 98
202102240093 2459270.698761574 -12041.526986537649 1 99
202102240093 2459270.698761574 nan nan 100
202102240093 2459270.698761574 -13217.729548695674 1 101
202102240093 2459270.698761574 -11475.226108069075 1 102
202102240093 2459270.698761574 -12180.950237472884 1 103
202102240093 2459270.698761574 -11679.177595176483 1 104
202102240093 2459270.698761574 nan nan 105
202102240093 2459270.698761574 -12200.591512830893 1 106
202102240093 2459270.698761574 -12180.688212223684 1 107
202102240093 2459270.698761574 -12898.845418937846 1 108
202102240093 2459270.698761574 -11895.17877769014 1 109
202102240093 2459270.698761574 -11207.701412191189 1 110
202102240093 2459270.698761574 -12653.238492562317 1 111
202102240093 2459270.698761574 -11838.232817058717 1 112
202102240093 2459270.698761574 nan nan 113
202102240093 2459270.698761574 -12343.017746959997 1 114
202102240093 2459270.698761574 -11901.25158604586 1 115
202102240093 2459270.698761574 -11721.50861063663 1 116
202102240093 2459270.698761574 -11291.88338632266 1 117
202102240093 2459270.698761574 -10748.138379648492 1 118
202102240093 2459270.698761574 -10397.12287260416 1 119
202102240093 2459270.698761574 -11969.400171027391 1 120
202102240093 2459270.698761574 -12661.578851814167 1 121
202102240093 2459270.698761574 -11936.73653978807 1 122
202102240093 2459270.698761574 -11501.290328080804 1 123
202102240093 2459270.698761574 -11829.525075863741 1 124
202102240093 2459270.698761574 -11979.17355436358 1 125
202102240093 2459270.698761574 -11586.478557596358 1 126
202102240093 2459270.698761574 -11528.580225414818 1 127
202102240093 2459270.698761574 -11910.881602788451 1 128
202102240093 2459270.698761574 -11824.200003294292 1 129
202102240093 2459270.698761574 -13025.765102180976 1 130
202102240093 2459270.698761574 -12560.391358430445 1 131
202102240093 2459270.698761574 -11751.899616602755 1 132
202102240093 2459270.698761574 -11743.926968019616 1 133
202102240094 2459270.7207523147 -11870.301053834684 1 76
202102240094 2459270.7207523147 -10143.921173871098 1 84
202102240094 2459270.7207523147 1101.4404676048039 1 85
202102240094 2459270.7207523147 -11754.074785490358 1 86
202102240094 2459270.7207523147 -11598.054176171636 1 89
202102240094 2459270.7207523147 -11065.753174881065 1 90
202102240094 2459270.7207523147 -11631.271435505578 1 92
202102240094 2459270.7207523147 -12022.018244085582 1 93
202102240094 2459270.7207523147 -11447.53178103636 1 94
202102240094 2459270.7207523147 -12682.15204734579 1 98
202102240094 2459270.7207523147 -2673.1458502892606 1 99
202102240094 2459270.7207523147 nan nan 100
202102240094 2459270.7207523147 -13847.361459715112 1 101
202102240094 2459270.7207523147 -11021.266051686687 1 102
202102240094 2459270.7207523147 -11784.382981258597 1 103
202102240094 2459270.7207523147 -11515.515835636004 1 104
202102240094 2459270.7207523147 nan nan 105
202102240094 2459270.7207523147 -12033.935500270845 1 106
202102240094 2459270.7207523147 -11505.513824619162 1 107
202102240094 2459270.7207523147 -12544.491675149487 1 108
202102240094 2459270.7207523147 -11936.328619883283 1 109
202102240094 2459270.7207523147 -11284.36437741818 1 110
202102240094 2459270.7207523147 -12037.705215247955 1 111
202102240094 2459270.7207523147 -11915.324832715236 1 112
202102240094 2459270.7207523147 nan nan 113
202102240094 2459270.7207523147 -12308.963620779945 1 114
202102240094 2459270.7207523147 -11603.626048887283 1 115
202102240094 2459270.7207523147 -12112.588814177325 1 116
202102240094 2459270.7207523147 -11353.030194952229 1 117
202102240094 2459270.7207523147 -10773.574509075985 1 118
202102240094 2459270.7207523147 -12645.63631051558 1 119
202102240094 2459270.7207523147 -12036.882629077505 1 120
202102240094 2459270.7207523147 -12479.617546036701 1 121
202102240094 2459270.7207523147 -11841.660214518195 1 122
202102240094 2459270.7207523147 -11924.936550479692 1 123
202102240094 2459270.7207523147 -11979.035290414507 1 124
202102240094 2459270.7207523147 -11841.123020264988 1 125
202102240094 2459270.7207523147 -11687.404365306975 1 126
202102240094 2459270.7207523147 -11850.930732461877 1 127
202102240094 2459270.7207523147 -11819.24438393733 1 128
202102240094 2459270.7207523147 -11824.200012022715 1 129
202102240094 2459270.7207523147 -11752.25687964829 1 130
202102240094 2459270.7207523147 -12201.43424229491 1 131
202102240094 2459270.7207523147 -12051.153453530218 1 132
202102240094 2459270.7207523147 -11667.798642117063 1 133
202102250092 2459271.538483796 -12424.762609495367 1 76
202102250092 2459271.538483796 -11695.2470767907 1 84
202102250092 2459271.538483796 -15893.536596443279 1 85
202102250092 2459271.538483796 -12338.883322351145 1 86
202102250092 2459271.538483796 -11439.759772601044 1 89
202102250092 2459271.538483796 -12441.858006072702 1 90
202102250092 2459271.538483796 -12017.135205334695 1 92
202102250092 2459271.538483796 -12530.239543249665 1 93
202102250092 2459271.538483796 -12480.32199019256 1 94
202102250092 2459271.538483796 -13072.956150216367 1 98
202102250092 2459271.538483796 -9483.894957743554 1 99
202102250092 2459271.538483796 nan nan 100
202102250092 2459271.538483796 -14785.490947033102 1 101
202102250092 2459271.538483796 -12755.24162035099 1 102
202102250092 2459271.538483796 -12602.332768275965 1 103
202102250092 2459271.538483796 -12514.971879916187 1 104
202102250092 2459271.538483796 nan nan 105
202102250092 2459271.538483796 -12819.599434314552 1 106
202102250092 2459271.538483796 -12291.819943856402 1 107
202102250092 2459271.538483796 -13284.986766082064 1 108
202102250092 2459271.538483796 -12505.336645098547 1 109
202102250092 2459271.538483796 -11766.134524408282 1 110
202102250092 2459271.538483796 -12514.714051954295 1 111
202102250092 2459271.538483796 -13495.687673259667 1 112
202102250092 2459271.538483796 nan nan 113
202102250092 2459271.538483796 -13004.84235212855 1 114
202102250092 2459271.538483796 -12690.46115248071 1 115
202102250092 2459271.538483796 -12748.958506811883 1 116
202102250092 2459271.538483796 -12008.633102438938 1 117
202102250092 2459271.538483796 -12294.153619536535 1 118
202102250092 2459271.538483796 -11418.202594504864 1 119
202102250092 2459271.538483796 -13021.071886749305 1 120
202102250092 2459271.538483796 -12540.710349031922 1 121
202102250092 2459271.538483796 -12377.243322128992 1 122
202102250092 2459271.538483796 -13218.917589217988 1 123
202102250092 2459271.538483796 -12600.874699116473 1 124
202102250092 2459271.538483796 -12819.61805935624 1 125
202102250092 2459271.538483796 -12409.635033849883 1 126
202102250092 2459271.538483796 -12361.79386537655 1 127
202102250092 2459271.538483796 -12971.684843524552 1 128
202102250092 2459271.538483796 -12224.780409471887 1 129
202102250092 2459271.538483796 -11763.55320093384 1 130
202102250092 2459271.538483796 -12073.829444352254 1 131
202102250092 2459271.538483796 1335.5429971771377 1 132
202102250092 2459271.538483796 -10749.54509167411 1 133
202102250093 2459271.5604976853 -12950.28841919026 1 76
202102250093 2459271.5604976853 -11409.183949549535 1 84
202102250093 2459271.5604976853 -12876.854069940211 1 85
202102250093 2459271.5604976853 -11806.200888493015 1 86
202102250093 2459271.5604976853 -12141.32258295871 1 89
202102250093 2459271.5604976853 -11101.62312882316 1 90
202102250093 2459271.5604976853 -12046.520914625891 1 92
202102250093 2459271.5604976853 -12172.461001006024 1 93
202102250093 2459271.5604976853 -12790.776658079389 1 94
202102250093 2459271.5604976853 -12193.066248038805 1 98
202102250093 2459271.5604976853 -13105.336544890988 1 99
202102250093 2459271.5604976853 nan nan 100
202102250093 2459271.5604976853 -13851.283399358996 1 101
202102250093 2459271.5604976853 -12134.638003259239 1 102
202102250093 2459271.5604976853 -12484.316085877299 1 103
202102250093 2459271.5604976853 -12477.109417075022 1 104
202102250093 2459271.5604976853 nan nan 105
202102250093 2459271.5604976853 -13016.028482725436 1 106
202102250093 2459271.5604976853 -12503.626926006633 1 107
202102250093 2459271.5604976853 -12822.71716579225 1 108
202102250093 2459271.5604976853 -12831.09250416159 1 109
202102250093 2459271.5604976853 -12229.48553648399 1 110
202102250093 2459271.5604976853 -12778.895821241782 1 111
202102250093 2459271.5604976853 -12940.44178332647 1 112
202102250093 2459271.5604976853 nan nan 113
202102250093 2459271.5604976853 -12880.500707073172 1 114
202102250093 2459271.5604976853 -12495.78181841141 1 115
202102250093 2459271.5604976853 -12784.341618595547 1 116
202102250093 2459271.5604976853 -12682.282264239206 1 117
202102250093 2459271.5604976853 -11921.143211302506 1 118
202102250093 2459271.5604976853 -10929.97121205951 1 119
202102250093 2459271.5604976853 -12866.917770557473 1 120
202102250093 2459271.5604976853 -12326.204172659563 1 121
202102250093 2459271.5604976853 -12733.67899179588 1 122
202102250093 2459271.5604976853 -13526.059017611995 1 123
202102250093 2459271.5604976853 -12883.78885868653 1 124
202102250093 2459271.5604976853 -12478.342955108612 1 125
202102250093 2459271.5604976853 -12247.414433682405 1 126
202102250093 2459271.5604976853 -12443.418324857626 1 127
202102250093 2459271.5604976853 -12669.940375937702 1 128
202102250093 2459271.5604976853 -12592.202159629316 1 129
202102250093 2459271.5604976853 -12320.749236989932 1 130
202102250093 2459271.5604976853 -12111.047068677392 1 131
202102250093 2459271.5604976853 -8286.753350612535 1 132
202102250093 2459271.5604976853 -12455.567393139096 1 133
202102250094 2459271.582476852 -12127.414277963702 1 76
202102250094 2459271.582476852 1228.2373255415287 1 84
202102250094 2459271.582476852 -13613.73412420471 1 85
202102250094 2459271.582476852 -11515.744279563098 1 86
202102250094 2459271.582476852 -12121.575117608283 1 89
202102250094 2459271.582476852 -12754.982737734987 1 90
202102250094 2459271.582476852 -11896.965736355673 1 92
202102250094 2459271.582476852 -12496.608652705037 1 93
202102250094 2459271.582476852 -12350.180172306696 1 94
202102250094 2459271.582476852 -14214.985721978177 1 98
202102250094 2459271.582476852 -10949.968344564844 1 99
202102250094 2459271.582476852 nan nan 100
202102250094 2459271.582476852 1256.8817186734468 1 101
202102250094 2459271.582476852 -12215.197480728122 1 102
202102250094 2459271.582476852 -12342.256384597695 1 103
202102250094 2459271.582476852 -12785.388750249405 1 104
202102250094 2459271.582476852 nan nan 105
202102250094 2459271.582476852 -12548.172294797856 1 106
202102250094 2459271.582476852 -13158.31448291566 1 107
202102250094 2459271.582476852 -12516.293207694493 1 108
202102250094 2459271.582476852 -12913.676285353418 1 109
202102250094 2459271.582476852 -12059.639938670196 1 110
202102250094 2459271.582476852 -12500.96827275923 1 111
202102250094 2459271.582476852 -12244.044410937517 1 112
202102250094 2459271.582476852 nan nan 113
202102250094 2459271.582476852 -13039.680163541552 1 114
202102250094 2459271.582476852 -12554.08944906092 1 115
202102250094 2459271.582476852 -12758.79351166767 1 116
202102250094 2459271.582476852 -12746.366109003166 1 117
202102250094 2459271.582476852 -11291.255874714383 1 118
202102250094 2459271.582476852 -11810.646797916546 1 119
202102250094 2459271.582476852 -12644.13225616931 1 120
202102250094 2459271.582476852 -12960.369868783662 1 121
202102250094 2459271.582476852 -13638.218521960705 1 122
202102250094 2459271.582476852 -13131.853232759562 1 123
202102250094 2459271.582476852 -12491.401548900254 1 124
202102250094 2459271.582476852 -12604.035319896704 1 125
202102250094 2459271.582476852 -12198.168625524313 1 126
202102250094 2459271.582476852 -11830.286744670122 1 127
202102250094 2459271.582476852 -11485.773168746984 1 128
202102250094 2459271.582476852 -13045.530357057842 1 129
202102250094 2459271.582476852 -11928.19293467179 1 130
202102250094 2459271.582476852 -13077.093216273925 1 131
202102250094 2459271.582476852 -12296.093109616082 1 132
202102250094 2459271.582476852 956.039153612271 1 133
202102250095 2459271.6044675927 -12561.777410275681 1 76
202102250095 2459271.6044675927 -10646.046135124898 1 84
202102250095 2459271.6044675927 -8469.79582618739 1 85
202102250095 2459271.6044675927 -11949.916699742818 1 86
202102250095 2459271.6044675927 -12048.50249722416 1 89
202102250095 2459271.6044675927 -13644.651056541865 1 90
202102250095 2459271.6044675927 -11998.191072614694 1 92
202102250095 2459271.6044675927 -12288.44023838519 1 93
202102250095 2459271.6044675927 -12764.625853407168 1 94
202102250095 2459271.6044675927 -15415.89137834697 1 98
202102250095 2459271.6044675927 1260.7255506332308 1 99
202102250095 2459271.6044675927 nan nan 100
202102250095 2459271.6044675927 -11411.946088174107 1 101
202102250095 2459271.6044675927 -12426.232917923604 1 102
202102250095 2459271.6044675927 -12646.46709672661 1 103
202102250095 2459271.6044675927 -11966.965850677569 1 104
202102250095 2459271.6044675927 nan nan 105
202102250095 2459271.6044675927 -13362.851640469402 1 106
202102250095 2459271.6044675927 -11720.618137821812 1 107
202102250095 2459271.6044675927 -13163.583059363147 1 108
202102250095 2459271.6044675927 -12698.872851904936 1 109
202102250095 2459271.6044675927 -12080.80781634136 1 110
202102250095 2459271.6044675927 -12898.354978923095 1 111
202102250095 2459271.6044675927 -13617.880961438303 1 112
202102250095 2459271.6044675927 nan nan 113
202102250095 2459271.6044675927 -12651.404815652186 1 114
202102250095 2459271.6044675927 -11874.809597647283 1 115
202102250095 2459271.6044675927 -12711.80600930459 1 116
202102250095 2459271.6044675927 -12708.26170020109 1 117
202102250095 2459271.6044675927 -12118.884153902602 1 118
202102250095 2459271.6044675927 -12430.802639381858 1 119
202102250095 2459271.6044675927 -12733.06483407059 1 120
202102250095 2459271.6044675927 -12630.536762907312 1 121
202102250095 2459271.6044675927 -12596.26561217081 1 122
202102250095 2459271.6044675927 -13410.26911342756 1 123
202102250095 2459271.6044675927 -12453.370250779477 1 124
202102250095 2459271.6044675927 -12971.634906563411 1 125
202102250095 2459271.6044675927 -12444.976940972469 1 126
202102250095 2459271.6044675927 787.4453602977651 1 127
202102250095 2459271.6044675927 -12926.238237404252 1 128
202102250095 2459271.6044675927 -12095.148880117982 1 129
202102250095 2459271.6044675927 -12585.951872768817 1 130
202102250095 2459271.6044675927 -13204.080963192537 1 131
202102250095 2459271.6044675927 -12794.687566000304 1 132
202102250095 2459271.6044675927 -12478.700678384663 1 133
202102250096 2459271.6264583333 -12628.496202563527 1 76
202102250096 2459271.6264583333 -11507.642597524646 1 84
202102250096 2459271.6264583333 -14470.583324144116 1 85
202102250096 2459271.6264583333 -12589.643120836408 1 86
202102250096 2459271.6264583333 -11757.724038496217 1 89
202102250096 2459271.6264583333 -12869.290370779892 1 90
202102250096 2459271.6264583333 -11552.999597734906 1 92
202102250096 2459271.6264583333 -12156.758353635041 1 93
202102250096 2459271.6264583333 -13098.397095269613 1 94
202102250096 2459271.6264583333 -13220.673535461621 1 98
202102250096 2459271.6264583333 -10329.457736408805 1 99
202102250096 2459271.6264583333 nan nan 100
202102250096 2459271.6264583333 -13227.076960473882 1 101
202102250096 2459271.6264583333 -12493.736480059597 1 102
202102250096 2459271.6264583333 -12563.835158062431 1 103
202102250096 2459271.6264583333 -12563.55432554374 1 104
202102250096 2459271.6264583333 nan nan 105
202102250096 2459271.6264583333 -13078.635386576783 1 106
202102250096 2459271.6264583333 -12683.790923054205 1 107
202102250096 2459271.6264583333 -13073.17884985692 1 108
202102250096 2459271.6264583333 -12763.6612384891 1 109
202102250096 2459271.6264583333 -12159.962295837304 1 110
202102250096 2459271.6264583333 -13127.348964292962 1 111
202102250096 2459271.6264583333 -11727.29481999419 1 112
202102250096 2459271.6264583333 nan nan 113
202102250096 2459271.6264583333 -13670.33022667733 1 114
202102250096 2459271.6264583333 -12230.479142681977 1 115
202102250096 2459271.6264583333 -12680.474294178226 1 116
202102250096 2459271.6264583333 -12028.304095861782 1 117
202102250096 2459271.6264583333 -12306.461507056134 1 118
202102250096 2459271.6264583333 -11268.78901354024 1 119
202102250096 2459271.6264583333 -12430.851047730961 1 120
202102250096 2459271.6264583333 -13172.604028718357 1 121
202102250096 2459271.6264583333 -12707.23252657749 1 122
202102250096 2459271.6264583333 -12777.892573438061 1 123
202102250096 2459271.6264583333 -12177.284152447235 1 124
202102250096 2459271.6264583333 -12586.309029506427 1 125
202102250096 2459271.6264583333 -11954.543621941442 1 126
202102250096 2459271.6264583333 -12600.68916965124 1 127
202102250096 2459271.6264583333 -12535.578586814805 1 128
202102250096 2459271.6264583333 -12200.540629459607 1 129
202102250096 2459271.6264583333 -12694.212508618712 1 130
202102250096 2459271.6264583333 -12684.20942210773 1 131
202102250096 2459271.6264583333 -3640.1819329989407 1 132
202102250096 2459271.6264583333 -11937.335242011739 1 133
202102250097 2459271.648449074 -11603.80426770683 1 76
202102250097 2459271.648449074 -11868.489985978182 1 84
202102250097 2459271.648449074 -17429.89496374845 1 85
202102250097 2459271.648449074 -11478.324160152746 1 86
202102250097 2459271.648449074 -12245.918348872949 1 89
202102250097 2459271.648449074 -11049.144415455261 1 90
202102250097 2459271.648449074 -11551.15467675302 1 92
202102250097 2459271.648449074 -12193.00055866676 1 93
202102250097 2459271.648449074 -12950.894007931183 1 94
202102250097 2459271.648449074 -14479.329939494304 1 98
202102250097 2459271.648449074 -12708.012046343532 1 99
202102250097 2459271.648449074 nan nan 100
202102250097 2459271.648449074 -14890.850257377902 1 101
202102250097 2459271.648449074 -12449.19528187115 1 102
202102250097 2459271.648449074 -12299.043432629982 1 103
202102250097 2459271.648449074 -12922.7286650281 1 104
202102250097 2459271.648449074 nan nan 105
202102250097 2459271.648449074 -13111.001543602408 1 106
202102250097 2459271.648449074 -12698.368258334805 1 107
202102250097 2459271.648449074 -13184.16865185057 1 108
202102250097 2459271.648449074 -12889.33688428934 1 109
202102250097 2459271.648449074 -12135.930268835902 1 110
202102250097 2459271.648449074 -13093.398134903018 1 111
202102250097 2459271.648449074 -11942.585068812334 1 112
202102250097 2459271.648449074 nan nan 113
202102250097 2459271.648449074 -13547.890819661763 1 114
202102250097 2459271.648449074 -12743.163517525074 1 115
202102250097 2459271.648449074 -12993.692090482175 1 116
202102250097 2459271.648449074 -12409.581069708178 1 117
202102250097 2459271.648449074 -10851.05945245553 1 118
202102250097 2459271.648449074 -11486.98547506374 1 119
202102250097 2459271.648449074 -13299.275195711427 1 120
202102250097 2459271.648449074 -13101.241451267895 1 121
202102250097 2459271.648449074 -12937.217343058901 1 122
202102250097 2459271.648449074 -13595.09224169156 1 123
202102250097 2459271.648449074 -12534.223744074603 1 124
202102250097 2459271.648449074 -12726.328805990805 1 125
202102250097 2459271.648449074 -12119.891017099215 1 126
202102250097 2459271.648449074 -12703.93674677601 1 127
202102250097 2459271.648449074 -12374.21306176048 1 128
202102250097 2459271.648449074 -11622.589011327416 1 129
202102250097 2459271.648449074 992.4977044814882 1 130
202102250097 2459271.648449074 -12662.534946707188 1 131
202102250097 2459271.648449074 -12972.036124370676 1 132
202102250097 2459271.648449074 -12360.399599356135 1 133
202102250098 2459271.6704398147 -12122.154229840147 1 76
202102250098 2459271.6704398147 -11300.707312078965 1 84
202102250098 2459271.6704398147 1236.5546472661906 1 85
202102250098 2459271.6704398147 -13166.553089857642 1 86
202102250098 2459271.6704398147 -13071.864972387562 1 89
202102250098 2459271.6704398147 -4850.904832364926 1 90
202102250098 2459271.6704398147 -11898.827872443353 1 92
202102250098 2459271.6704398147 -12165.691995125551 1 93
202102250098 2459271.6704398147 -12566.775421450347 1 94
202102250098 2459271.6704398147 -13840.563132306195 1 98
202102250098 2459271.6704398147 -9743.362703573439 1 99
202102250098 2459271.6704398147 nan nan 100
202102250098 2459271.6704398147 -16460.58270922195 1 101
202102250098 2459271.6704398147 -12377.186328408168 1 102
202102250098 2459271.6704398147 -12705.164972719296 1 103
202102250098 2459271.6704398147 -11282.420794017771 1 104
202102250098 2459271.6704398147 nan nan 105
202102250098 2459271.6704398147 -13325.989975010587 1 106
202102250098 2459271.6704398147 -12605.972287249331 1 107
202102250098 2459271.6704398147 -13846.207736092878 1 108
202102250098 2459271.6704398147 -12450.672321673186 1 109
202102250098 2459271.6704398147 -12111.981987835974 1 110
202102250098 2459271.6704398147 -12515.629814805156 1 111
202102250098 2459271.6704398147 -11912.344452812047 1 112
202102250098 2459271.6704398147 nan nan 113
202102250098 2459271.6704398147 -13061.985252105767 1 114
202102250098 2459271.6704398147 -12690.50052948119 1 115
202102250098 2459271.6704398147 -12724.423657040135 1 116
202102250098 2459271.6704398147 -12195.023065545352 1 117
202102250098 2459271.6704398147 -11983.807823805511 1 118
202102250098 2459271.6704398147 -11612.72470350066 1 119
202102250098 2459271.6704398147 -12575.40811264332 1 120
202102250098 2459271.6704398147 -12750.831020199017 1 121
202102250098 2459271.6704398147 -12585.125808411292 1 122
202102250098 2459271.6704398147 -12901.476980049223 1 123
202102250098 2459271.6704398147 -12823.477961972689 1 124
202102250098 2459271.6704398147 -12687.623176392746 1 125
202102250098 2459271.6704398147 -12279.303798622568 1 126
202102250098 2459271.6704398147 -12577.73170545157 1 127
202102250098 2459271.6704398147 -12159.156587699503 1 128
202102250098 2459271.6704398147 -12489.901016608817 1 129
202102250098 2459271.6704398147 -12760.912238337432 1 130
202102250098 2459271.6704398147 -11714.090230521186 1 131
202102250098 2459271.6704398147 -12410.181356426421 1 132
202102250098 2459271.6704398147 -12522.218034752166 1 133
202102250099 2459271.6889930554 -12172.54430353486 1 76
202102250099 2459271.6889930554 -13173.086423347879 1 84
202102250099 2459271.6889930554 -20.285464737308185 1 85
202102250099 2459271.6889930554 -11358.77607716544 1 86
202102250099 2459271.6889930554 -11841.4463723958 1 89
202102250099 2459271.6889930554 -12240.644206496969 1 90
202102250099 2459271.6889930554 -11795.992138677937 1 92
202102250099 2459271.6889930554 -12444.376282598909 1 93
202102250099 2459271.6889930554 -12975.4317561033 1 94
202102250099 2459271.6889930554 -11424.558097780693 1 98
202102250099 2459271.6889930554 -15176.904432242918 1 99
202102250099 2459271.6889930554 nan nan 100
202102250099 2459271.6889930554 -13193.428609709086 1 101
202102250099 2459271.6889930554 -12187.594416093063 1 102
202102250099 2459271.6889930554 -12296.234631791767 1 103
202102250099 2459271.6889930554 -12228.77876826739 1 104
202102250099 2459271.6889930554 nan nan 105
202102250099 2459271.6889930554 -13079.49721333201 1 106
202102250099 2459271.6889930554 -12848.070663391434 1 107
202102250099 2459271.6889930554 -12569.312393860124 1 108
202102250099 2459271.6889930554 -12813.783403570034 1 109
202102250099 2459271.6889930554 -12107.611344188514 1 110
202102250099 2459271.6889930554 -12783.206792715151 1 111
202102250099 2459271.6889930554 -12257.041940196284 1 112
202102250099 2459271.6889930554 nan nan 113
202102250099 2459271.6889930554 -13093.466978000739 1 114
202102250099 2459271.6889930554 -12621.762654571907 1 115
202102250099 2459271.6889930554 -12761.431404936942 1 116
202102250099 2459271.6889930554 -12629.464192401078 1 117
202102250099 2459271.6889930554 -11237.672051728541 1 118
202102250099 2459271.6889930554 -10925.281192083545 1 119
202102250099 2459271.6889930554 -12671.09306649261 1 120
202102250099 2459271.6889930554 -12500.384589900581 1 121
202102250099 2459271.6889930554 -12672.167702196155 1 122
202102250099 2459271.6889930554 -12506.615493372778 1 123
202102250099 2459271.6889930554 -11400.436917137018 1 124
202102250099 2459271.6889930554 -12483.046539937062 1 125
202102250099 2459271.6889930554 -12295.042782491098 1 126
202102250099 2459271.6889930554 -12407.52965600066 1 127
202102250099 2459271.6889930554 -12455.711518874363 1 128
202102250099 2459271.6889930554 -11857.773816149616 1 129
202102250099 2459271.6889930554 -12920.378145070932 1 130
202102250099 2459271.6889930554 -12492.01956441027 1 131
202102250099 2459271.6889930554 -12557.861699639354 1 132
202102250099 2459271.6889930554 -12675.951738366266 1 133
202102250100 2459271.704050926 -12250.454065138454 1 76
202102250100 2459271.704050926 -13484.268587388435 1 84
202102250100 2459271.704050926 -12759.080746386833 1 85
202102250100 2459271.704050926 -13518.168143776962 1 86
202102250100 2459271.704050926 -12220.369636395866 1 89
202102250100 2459271.704050926 -11341.48100563691 1 90
202102250100 2459271.704050926 -12612.91375742508 1 92
202102250100 2459271.704050926 -12578.599869982922 1 93
202102250100 2459271.704050926 -12551.135489291672 1 94
202102250100 2459271.704050926 -11620.505999963952 1 98
202102250100 2459271.704050926 -10961.823931141149 1 99
202102250100 2459271.704050926 nan nan 100
202102250100 2459271.704050926 1233.0848056093096 1 101
202102250100 2459271.704050926 -13547.398299326487 1 102
202102250100 2459271.704050926 -12863.050198697487 1 103
202102250100 2459271.704050926 -11858.317522808225 1 104
202102250100 2459271.704050926 nan nan 105
202102250100 2459271.704050926 -13514.021850732084 1 106
202102250100 2459271.704050926 -12566.919801207212 1 107
202102250100 2459271.704050926 -13245.048815552522 1 108
202102250100 2459271.704050926 -12679.125982759748 1 109
202102250100 2459271.704050926 -11978.661104278957 1 110
202102250100 2459271.704050926 -13178.699307101857 1 111
202102250100 2459271.704050926 -11785.40205710475 1 112
202102250100 2459271.704050926 nan nan 113
202102250100 2459271.704050926 -12632.519461869417 1 114
202102250100 2459271.704050926 -12690.836141911499 1 115
202102250100 2459271.704050926 -12727.134189014216 1 116
202102250100 2459271.704050926 -12747.046734511492 1 117
202102250100 2459271.704050926 -12605.423806829163 1 118
202102250100 2459271.704050926 -12247.575418080598 1 119
202102250100 2459271.704050926 -12545.960255456808 1 120
202102250100 2459271.704050926 -12992.382713390189 1 121
202102250100 2459271.704050926 -12300.82204072011 1 122
202102250100 2459271.704050926 -12906.02071200798 1 123
202102250100 2459271.704050926 -12288.777135826798 1 124
202102250100 2459271.704050926 -12475.528728652656 1 125
202102250100 2459271.704050926 -12676.567653038994 1 126
202102250100 2459271.704050926 -12108.035524361698 1 127
202102250100 2459271.704050926 -12195.932133317072 1 128
202102250100 2459271.704050926 -11356.960725565606 1 129
202102250100 2459271.704050926 -12285.201403216533 1 130
202102250100 2459271.704050926 -13001.636563366372 1 131
202102250100 2459271.704050926 -12702.258487656256 1 132
202102250100 2459271.704050926 -12543.504296668794 1 133
202102250101 2459271.719108796 -12355.079961522832 1 76
202102250101 2459271.719108796 -14575.849423035372 1 84
202102250101 2459271.719108796 1199.2933105150544 1 85
202102250101 2459271.719108796 -12344.674964883545 1 86
202102250101 2459271.719108796 -12214.951197800503 1 89
202102250101 2459271.719108796 -10414.471488006977 1 90
202102250101 2459271.719108796 -12613.293477401488 1 92
202102250101 2459271.719108796 -12620.879448611855 1 93
202102250101 2459271.719108796 -13303.01474795632 1 94
202102250101 2459271.719108796 -11703.791848821224 1 98
202102250101 2459271.719108796 -10366.48925368072 1 99
202102250101 2459271.719108796 nan nan 100
202102250101 2459271.719108796 -549.521159645308 1 101
202102250101 2459271.719108796 -12590.07363994785 1 102
202102250101 2459271.719108796 -12551.116631802819 1 103
202102250101 2459271.719108796 -12075.349383070148 1 104
202102250101 2459271.719108796 nan nan 105
202102250101 2459271.719108796 -13248.64784923945 1 106
202102250101 2459271.719108796 -13002.822505098393 1 107
202102250101 2459271.719108796 -13245.725731041313 1 108
202102250101 2459271.719108796 -13260.356655471705 1 109
202102250101 2459271.719108796 -12381.173357968035 1 110
202102250101 2459271.719108796 -12505.345558793966 1 111
202102250101 2459271.719108796 -12438.400670118146 1 112
202102250101 2459271.719108796 nan nan 113
202102250101 2459271.719108796 -13026.537428003783 1 114
202102250101 2459271.719108796 -12292.264405100474 1 115
202102250101 2459271.719108796 -12899.30043948915 1 116
202102250101 2459271.719108796 -13069.375231311027 1 117
202102250101 2459271.719108796 -13783.555112571074 1 118
202102250101 2459271.719108796 -12482.193576174634 1 119
202102250101 2459271.719108796 -12902.871873321661 1 120
202102250101 2459271.719108796 -12459.946967813503 1 121
202102250101 2459271.719108796 -12938.677578849893 1 122
202102250101 2459271.719108796 -13039.167884028619 1 123
202102250101 2459271.719108796 -12307.859441778153 1 124
202102250101 2459271.719108796 -12813.937901465188 1 125
202102250101 2459271.719108796 -12677.301072282828 1 126
202102250101 2459271.719108796 -12404.381848563598 1 127
202102250101 2459271.719108796 -12811.548607666738 1 128
202102250101 2459271.719108796 -12975.868713956048 1 129
202102250101 2459271.719108796 -13497.526491735733 1 130
202102250101 2459271.719108796 -13742.271033730914 1 131
202102250101 2459271.719108796 -12579.40510729398 1 132
202102250101 2459271.719108796 -12545.571481366362 1 133
202102280099 2459274.7097453703 -11485.228668447435 1 76
202102280099 2459274.7097453703 -12016.987191143942 1 84
202102280099 2459274.7097453703 1295.188746027946 1 85
202102280099 2459274.7097453703 -12111.321464086108 1 86
202102280099 2459274.7097453703 -11762.469732222731 1 89
202102280099 2459274.7097453703 -11729.850931897712 1 90
202102280099 2459274.7097453703 -12146.704069594787 1 92
202102280099 2459274.7097453703 -11661.683556280243 1 93
202102280099 2459274.7097453703 -11232.263991463713 1 94
202102280099 2459274.7097453703 -11604.432437076495 1 98
202102280099 2459274.7097453703 -13123.920385422976 1 99
202102280099 2459274.7097453703 nan nan 100
202102280099 2459274.7097453703 -13055.689174540206 1 101
202102280099 2459274.7097453703 -11212.895699082195 1 102
202102280099 2459274.7097453703 -11705.337905582122 1 103
202102280099 2459274.7097453703 -11137.202580036013 1 104
202102280099 2459274.7097453703 nan nan 105
202102280099 2459274.7097453703 -11583.757186716675 1 106
202102280099 2459274.7097453703 -12008.79828333359 1 107
202102280099 2459274.7097453703 -10867.44182758039 1 108
202102280099 2459274.7097453703 -11571.45242359444 1 109
202102280099 2459274.7097453703 -10244.421161698909 1 110
202102280099 2459274.7097453703 -11931.187475481622 1 111
202102280099 2459274.7097453703 -11429.05204411349 1 112
202102280099 2459274.7097453703 nan nan 113
202102280099 2459274.7097453703 -12388.119846488948 1 114
202102280099 2459274.7097453703 -11588.908765180906 1 115
202102280099 2459274.7097453703 -11731.539580846085 1 116
202102280099 2459274.7097453703 -12367.864046245903 1 117
202102280099 2459274.7097453703 -11613.38283130343 1 118
202102280099 2459274.7097453703 -11679.980959346507 1 119
202102280099 2459274.7097453703 -11648.277818109225 1 120
202102280099 2459274.7097453703 -11613.249281982724 1 121
202102280099 2459274.7097453703 -4616.284852215925 1 122
202102280099 2459274.7097453703 -11827.787148875716 1 123
202102280099 2459274.7097453703 -11560.528334559265 1 124
202102280099 2459274.7097453703 -11815.435319005355 1 125
202102280099 2459274.7097453703 -11677.985039612253 1 126
202102280099 2459274.7097453703 -11893.114240143075 1 127
202102280099 2459274.7097453703 -11476.953174019896 1 128
202102280099 2459274.7097453703 -12311.438034238858 1 129
202102280099 2459274.7097453703 -11959.81980002231 1 130
202102280099 2459274.7097453703 -11324.467829326904 1 131
202102280099 2459274.7097453703 -11435.405830104197 1 132
202102280099 2459274.7097453703 -11673.529293984764 1 133
202102280097 2459274.6658912036 -11179.442010974599 1 76
202102280097 2459274.6658912036 -11892.441639677592 1 84
202102280097 2459274.6658912036 1208.25432969477 1 85
202102280097 2459274.6658912036 -11374.629264213885 1 86
202102280097 2459274.6658912036 -12105.814824339366 1 89
202102280097 2459274.6658912036 -11038.69246796126 1 90
202102280097 2459274.6658912036 -11991.251875853344 1 92
202102280097 2459274.6658912036 -11213.42551207652 1 93
202102280097 2459274.6658912036 -11626.439858981594 1 94
202102280097 2459274.6658912036 -12717.251243930414 1 98
202102280097 2459274.6658912036 1572.8784292424461 1 99
202102280097 2459274.6658912036 nan nan 100
202102280097 2459274.6658912036 -9263.742392191985 1 101
202102280097 2459274.6658912036 -11013.014676128285 1 102
202102280097 2459274.6658912036 -11848.549952783464 1 103
202102280097 2459274.6658912036 -11462.035084903999 1 104
202102280097 2459274.6658912036 nan nan 105
202102280097 2459274.6658912036 -12070.190987380613 1 106
202102280097 2459274.6658912036 -11293.234982787986 1 107
202102280097 2459274.6658912036 -11618.455035753843 1 108
202102280097 2459274.6658912036 -11632.32430166037 1 109
202102280097 2459274.6658912036 -11282.801480500366 1 110
202102280097 2459274.6658912036 -11826.843403976509 1 111
202102280097 2459274.6658912036 -12217.200465346841 1 112
202102280097 2459274.6658912036 nan nan 113
202102280097 2459274.6658912036 -12190.5175582412 1 114
202102280097 2459274.6658912036 -11706.959710550129 1 115
202102280097 2459274.6658912036 -12164.932547734632 1 116
202102280097 2459274.6658912036 -12013.0547211782 1 117
202102280097 2459274.6658912036 -12105.672305840164 1 118
202102280097 2459274.6658912036 -10833.40429186173 1 119
202102280097 2459274.6658912036 -11869.053847360425 1 120
202102280097 2459274.6658912036 -11921.313828009956 1 121
202102280097 2459274.6658912036 -11354.958125303767 1 122
202102280097 2459274.6658912036 -12519.542639851381 1 123
202102280097 2459274.6658912036 -11938.594010984722 1 124
202102280097 2459274.6658912036 -11428.816195859168 1 125
202102280097 2459274.6658912036 -11547.90007366171 1 126
202102280097 2459274.6658912036 -12773.902068699577 1 127
202102280097 2459274.6658912036 -12812.918219508321 1 128
202102280097 2459274.6658912036 -12086.749450690984 1 129
202102280097 2459274.6658912036 -12232.480321699659 1 130
202102280097 2459274.6658912036 -12026.945213704335 1 131
202102280097 2459274.6658912036 -11768.670092068272 1 132
202102280097 2459274.6658912036 -12068.44930573586 1 133
202102280098 2459274.687824074 -11599.275612745825 1 76
202102280098 2459274.687824074 1370.083006548527 1 84
202102280098 2459274.687824074 1490.4679645761166 1 85
202102280098 2459274.687824074 -11947.924990218176 1 86
202102280098 2459274.687824074 -15160.683788043005 1 89
202102280098 2459274.687824074 1027.4642053865264 1 90
202102280098 2459274.687824074 -11261.506519857418 1 92
202102280098 2459274.687824074 -11275.177343375679 1 93
202102280098 2459274.687824074 -11571.073253242383 1 94
202102280098 2459274.687824074 -188.98790213472762 1 98
202102280098 2459274.687824074 -11181.539547396818 1 99
202102280098 2459274.687824074 nan nan 100
202102280098 2459274.687824074 -15894.909031509687 1 101
202102280098 2459274.687824074 -13029.33209359928 1 102
202102280098 2459274.687824074 -11736.121058201103 1 103
202102280098 2459274.687824074 -11309.899089283579 1 104
202102280098 2459274.687824074 nan nan 105
202102280098 2459274.687824074 -11757.784641634613 1 106
202102280098 2459274.687824074 -11438.85662049624 1 107
202102280098 2459274.687824074 -12855.36365549072 1 108
202102280098 2459274.687824074 -11625.709865044078 1 109
202102280098 2459274.687824074 -11441.922718333597 1 110
202102280098 2459274.687824074 -12615.207835105306 1 111
202102280098 2459274.687824074 -11154.02173425679 1 112
202102280098 2459274.687824074 nan nan 113
202102280098 2459274.687824074 -11939.752243020792 1 114
202102280098 2459274.687824074 -11889.359070257175 1 115
202102280098 2459274.687824074 -12082.819354963915 1 116
202102280098 2459274.687824074 -11921.965182471538 1 117
202102280098 2459274.687824074 -12794.995949403883 1 118
202102280098 2459274.687824074 -11655.042590134577 1 119
202102280098 2459274.687824074 -11722.643169301651 1 120
202102280098 2459274.687824074 -11836.159819127752 1 121
202102280098 2459274.687824074 -12000.620988143475 1 122
202102280098 2459274.687824074 -12016.49659088483 1 123
202102280098 2459274.687824074 -11513.655160986635 1 124
202102280098 2459274.687824074 -11440.886143689624 1 125
202102280098 2459274.687824074 -11870.198186446709 1 126
202102280098 2459274.687824074 -11264.312649651376 1 127
202102280098 2459274.687824074 -11912.198019665015 1 128
202102280098 2459274.687824074 -11333.50781032388 1 129
202102280098 2459274.687824074 -12650.39831247557 1 130
202102280098 2459274.687824074 -11868.40850753573 1 131
202102280098 2459274.687824074 -11802.52037081098 1 132
202102280098 2459274.687824074 -11711.82239047526 1 133
202103240187 2459298.599097222 -12122.584489629266 1 76
202103240187 2459298.599097222 1230.1085391486315 1 84
202103240187 2459298.599097222 1153.423729093018 1 85
202103240187 2459298.599097222 -11357.100532513297 1 86
202103240187 2459298.599097222 -11691.164593018046 1 89
202103240187 2459298.599097222 -10898.093872346608 1 90
202103240187 2459298.599097222 -11657.324802235284 1 92
202103240187 2459298.599097222 -11713.50143839164 1 93
202103240187 2459298.599097222 -11808.04580836121 1 94
202103240187 2459298.599097222 -11936.437879934672 1 98
202103240187 2459298.599097222 -10873.17576269629 1 99
202103240187 2459298.599097222 nan nan 100
202103240187 2459298.599097222 -12399.878238894435 1 101
202103240187 2459298.599097222 -11628.145406383992 1 102
202103240187 2459298.599097222 -11744.835292065012 1 103
202103240187 2459298.599097222 -11595.497707494824 1 104
202103240187 2459298.599097222 nan nan 105
202103240187 2459298.599097222 -12191.092912397513 1 106
202103240187 2459298.599097222 -11884.286238991992 1 107
202103240187 2459298.599097222 -11983.28757452415 1 108
202103240187 2459298.599097222 -11717.730124422897 1 109
202103240187 2459298.599097222 -11413.21137274175 1 110
202103240187 2459298.599097222 -12513.07403548132 1 111
202103240187 2459298.599097222 -11257.332995816552 1 112
202103240187 2459298.599097222 nan nan 113
202103240187 2459298.599097222 -11932.109198057613 1 114
202103240187 2459298.599097222 -11721.874444118057 1 115
202103240187 2459298.599097222 -11841.308235347853 1 116
202103240187 2459298.599097222 -11679.814831988018 1 117
202103240187 2459298.599097222 -11298.620355142562 1 118
202103240187 2459298.599097222 -11930.60543962911 1 119
202103240187 2459298.599097222 -11771.154153633006 1 120
202103240187 2459298.599097222 -12069.004477931623 1 121
202103240187 2459298.599097222 -11668.426616592975 1 122
202103240187 2459298.599097222 -12350.490938029312 1 123
202103240187 2459298.599097222 -11796.689714444838 1 124
202103240187 2459298.599097222 -11989.176065967822 1 125
202103240187 2459298.599097222 -11500.200643849023 1 126
202103240187 2459298.599097222 -12380.322459052932 1 127
202103240187 2459298.599097222 -12331.204827950527 1 128
202103240187 2459298.599097222 -11668.80056614797 1 129
202103240187 2459298.599097222 -12497.344276878675 1 130
202103240187 2459298.599097222 -12074.86951484672 1 131
202103240187 2459298.599097222 -12783.276663505516 1 132
202103240187 2459298.599097222 -11895.801230261488 1 133
202103240188 2459298.6210416667 -12017.290238343645 1 76
202103240188 2459298.6210416667 -11859.747697822779 1 84
202103240188 2459298.6210416667 1186.3237925397918 1 85
202103240188 2459298.6210416667 -11706.040014435122 1 86
202103240188 2459298.6210416667 -11562.059094645792 1 89
202103240188 2459298.6210416667 -11553.582554033863 1 90
202103240188 2459298.6210416667 -12118.363794943923 1 92
202103240188 2459298.6210416667 -12303.87900462603 1 93
202103240188 2459298.6210416667 -11921.261867099509 1 94
202103240188 2459298.6210416667 -12671.835446689296 1 98
202103240188 2459298.6210416667 -8656.85366332506 1 99
202103240188 2459298.6210416667 nan nan 100
202103240188 2459298.6210416667 -11959.876049914546 1 101
202103240188 2459298.6210416667 -11685.138704505267 1 102
202103240188 2459298.6210416667 -12158.196309891553 1 103
202103240188 2459298.6210416667 -11302.293314911629 1 104
202103240188 2459298.6210416667 nan nan 105
202103240188 2459298.6210416667 -12493.633002542852 1 106
202103240188 2459298.6210416667 -11737.343998340266 1 107
202103240188 2459298.6210416667 -12178.063857392646 1 108
202103240188 2459298.6210416667 -11960.72318880941 1 109
202103240188 2459298.6210416667 -11177.634771387984 1 110
202103240188 2459298.6210416667 -12404.038991986035 1 111
202103240188 2459298.6210416667 -11603.7462695748 1 112
202103240188 2459298.6210416667 nan nan 113
202103240188 2459298.6210416667 -12313.314949792866 1 114
202103240188 2459298.6210416667 -11905.130909628466 1 115
202103240188 2459298.6210416667 -11995.345035793616 1 116
202103240188 2459298.6210416667 -11796.228258621142 1 117
202103240188 2459298.6210416667 -10733.944478802572 1 118
202103240188 2459298.6210416667 -12195.828773948218 1 119
202103240188 2459298.6210416667 -12000.733797005454 1 120
202103240188 2459298.6210416667 -12109.548749989232 1 121
202103240188 2459298.6210416667 -11707.886591343024 1 122
202103240188 2459298.6210416667 -11996.88463160224 1 123
202103240188 2459298.6210416667 -11884.921117538232 1 124
202103240188 2459298.6210416667 -12015.254662116029 1 125
202103240188 2459298.6210416667 -12203.976571746025 1 126
202103240188 2459298.6210416667 -11688.111600488266 1 127
202103240188 2459298.6210416667 -12118.662354211607 1 128
202103240188 2459298.6210416667 -12126.367570074526 1 129
202103240188 2459298.6210416667 -12176.65084143636 1 130
202103240188 2459298.6210416667 -12445.528246044774 1 131
202103240188 2459298.6210416667 -11891.769054303102 1 132
202103240188 2459298.6210416667 -11686.116830365494 1 133
202103240189 2459298.642974537 -11524.279783407374 1 76
202103240189 2459298.642974537 -11947.441245932347 1 84
202103240189 2459298.642974537 1206.7410576047107 1 85
202103240189 2459298.642974537 -11362.3182758165 1 86
202103240189 2459298.642974537 -11717.123160514917 1 89
202103240189 2459298.642974537 -11428.630519889639 1 90
202103240189 2459298.642974537 -11639.780031372717 1 92
202103240189 2459298.642974537 -11657.552353419716 1 93
202103240189 2459298.642974537 -11968.29795571452 1 94
202103240189 2459298.642974537 -12219.095975987993 1 98
202103240189 2459298.642974537 1108.2044146100784 1 99
202103240189 2459298.642974537 nan nan 100
202103240189 2459298.642974537 -15224.634433985244 1 101
202103240189 2459298.642974537 -11388.17864081908 1 102
202103240189 2459298.642974537 -11784.282355619634 1 103
202103240189 2459298.642974537 -11554.552273558957 1 104
202103240189 2459298.642974537 nan nan 105
202103240189 2459298.642974537 -11969.443036198942 1 106
202103240189 2459298.642974537 -11824.962692068751 1 107
202103240189 2459298.642974537 -11903.871459166021 1 108
202103240189 2459298.642974537 -12070.488259790196 1 109
202103240189 2459298.642974537 -11176.84065543841 1 110
202103240189 2459298.642974537 -12025.920485823 1 111
202103240189 2459298.642974537 -11290.731198457668 1 112
202103240189 2459298.642974537 nan nan 113
202103240189 2459298.642974537 -12238.955342713456 1 114
202103240189 2459298.642974537 -12109.33957609161 1 115
202103240189 2459298.642974537 -11443.415169466312 1 116
202103240189 2459298.642974537 -11375.498980961913 1 117
202103240189 2459298.642974537 -11132.219541564958 1 118
202103240189 2459298.642974537 -12022.843883338972 1 119
202103240189 2459298.642974537 -11621.097862025867 1 120
202103240189 2459298.642974537 -12026.66394049649 1 121
202103240189 2459298.642974537 -11813.267134246968 1 122
202103240189 2459298.642974537 -12220.041123144294 1 123
202103240189 2459298.642974537 -11957.899989246125 1 124
202103240189 2459298.642974537 -12189.817673747672 1 125
202103240189 2459298.642974537 -11153.624928495617 1 126
202103240189 2459298.642974537 -11788.95643189057 1 127
202103240189 2459298.642974537 -12277.76071476375 1 128
202103240189 2459298.642974537 -11960.179502094634 1 129
202103240189 2459298.642974537 -12218.325003940541 1 130
202103240189 2459298.642974537 -11909.62459022151 1 131
202103240189 2459298.642974537 -11492.26813482352 1 132
202103240189 2459298.642974537 -11723.21223483372 1 133
202103240190 2459298.6649074075 -11783.045696971025 1 76
202103240190 2459298.6649074075 1229.712397733876 1 84
202103240190 2459298.6649074075 -3438.480102054278 1 85
202103240190 2459298.6649074075 -10988.575866832323 1 86
202103240190 2459298.6649074075 -11404.821183325395 1 89
202103240190 2459298.6649074075 -10744.300288298002 1 90
202103240190 2459298.6649074075 -11577.931013943962 1 92
202103240190 2459298.6649074075 -11732.153517918992 1 93
202103240190 2459298.6649074075 -12035.582383417232 1 94
202103240190 2459298.6649074075 -12012.17746776102 1 98
202103240190 2459298.6649074075 -10353.488789408182 1 99
202103240190 2459298.6649074075 nan nan 100
202103240190 2459298.6649074075 -13317.696766149162 1 101
202103240190 2459298.6649074075 -11875.481848384448 1 102
202103240190 2459298.6649074075 -11810.099388255538 1 103
202103240190 2459298.6649074075 -11855.736840797153 1 104
202103240190 2459298.6649074075 nan nan 105
202103240190 2459298.6649074075 -12681.749828182115 1 106
202103240190 2459298.6649074075 -11930.505379249878 1 107
202103240190 2459298.6649074075 -12028.450215099801 1 108
202103240190 2459298.6649074075 -12074.384508370606 1 109
202103240190 2459298.6649074075 -11337.864838866662 1 110
202103240190 2459298.6649074075 -11866.28332867417 1 111
202103240190 2459298.6649074075 -11424.601443591013 1 112
202103240190 2459298.6649074075 nan nan 113
202103240190 2459298.6649074075 -12067.00864877527 1 114
202103240190 2459298.6649074075 -11682.602227079995 1 115
202103240190 2459298.6649074075 -12095.403363445097 1 116
202103240190 2459298.6649074075 -12447.153190083582 1 117
202103240190 2459298.6649074075 -11800.102217881064 1 118
202103240190 2459298.6649074075 -11795.491343048046 1 119
202103240190 2459298.6649074075 -12050.80431358679 1 120
202103240190 2459298.6649074075 -11867.892167115757 1 121
202103240190 2459298.6649074075 -11963.987712373826 1 122
202103240190 2459298.6649074075 -12192.41217367301 1 123
202103240190 2459298.6649074075 -11966.289978998975 1 124
202103240190 2459298.6649074075 -11559.028101636402 1 125
202103240190 2459298.6649074075 -11576.054755471789 1 126
202103240190 2459298.6649074075 -11492.114678529555 1 127
202103240190 2459298.6649074075 -11891.44843196356 1 128
202103240190 2459298.6649074075 -11159.480234910618 1 129
202103240190 2459298.6649074075 -10505.014525683582 1 130
202103240190 2459298.6649074075 -11911.280464487283 1 131
202103240190 2459298.6649074075 -12168.680055462708 1 132
202103240190 2459298.6649074075 -11777.51430004535 1 133
