202102240086 2459270.543611111 nan nan
202102240087 2459270.5660416665 nan nan
202102240088 2459270.588032407 nan nan
202102240089 2459270.610011574 nan nan
202102240090 2459270.632002315 nan nan
202102240091 2459270.6539930557 nan nan
202102240092 2459270.676574074 nan nan
202102240093 2459270.698761574 nan nan
202102240094 2459270.7207523147 nan nan
202102250092 2459271.538483796 nan nan
202102250093 2459271.5604976853 nan nan
202102250094 2459271.582476852 nan nan
202102250095 2459271.6044675927 nan nan
202102250096 2459271.6264583333 nan nan
202102250097 2459271.648449074 nan nan
202102250098 2459271.6704398147 nan nan
202102250099 2459271.6889930554 nan nan
202102250100 2459271.704050926 nan nan
202102250101 2459271.719108796 nan nan
202102280099 2459274.7097453703 nan nan
202102280097 2459274.6658912036 nan nan
202102280098 2459274.687824074 nan nan
202103240187 2459298.599097222 nan nan
202103240188 2459298.6210416667 nan nan
202103240189 2459298.642974537 nan nan
202103240190 2459298.6649074075 nan nan
