202102240086 2459270.543611111 -11735.870671788318 1 76
202102240086 2459270.543611111 -12412.4732105953 1 84
202102240086 2459270.543611111 -12761.09904162526 1 85
202102240086 2459270.543611111 -10711.814624971861 1 86
202102240086 2459270.543611111 -11233.963314009523 1 89
202102240086 2459270.543611111 -11802.854436260564 1 90
202102240086 2459270.543611111 -11205.432154661446 1 92
202102240086 2459270.543611111 -11470.406458429972 1 93
202102240086 2459270.543611111 -11822.728286840169 1 94
202102240086 2459270.543611111 -12172.732377438186 1 98
202102240086 2459270.543611111 -12807.633509881382 1 99
202102240086 2459270.543611111 nan nan 100
202102240086 2459270.543611111 -12663.222414054042 1 101
202102240086 2459270.543611111 -11630.913429641356 1 102
202102240086 2459270.543611111 -11769.221002189652 1 103
202102240086 2459270.543611111 -11998.352309139906 1 104
202102240086 2459270.543611111 nan nan 105
202102240086 2459270.543611111 -12141.693293185517 1 106
202102240086 2459270.543611111 -11697.990129153097 1 107
202102240086 2459270.543611111 -12436.328810711568 1 108
202102240086 2459270.543611111 -11958.029980778407 1 109
202102240086 2459270.543611111 -11202.027292145676 1 110
202102240086 2459270.543611111 -12247.118145126002 1 111
202102240086 2459270.543611111 -11846.343706775275 1 112
202102240086 2459270.543611111 nan nan 113
202102240086 2459270.543611111 -12325.328082890836 1 114
202102240086 2459270.543611111 -12331.487060965497 1 115
202102240086 2459270.543611111 -11786.730269412838 1 116
202102240086 2459270.543611111 -11551.658411579681 1 117
202102240086 2459270.543611111 -11011.459088983745 1 118
202102240086 2459270.543611111 -11195.827342292843 1 119
202102240086 2459270.543611111 -12094.64839174321 1 120
202102240086 2459270.543611111 -11669.219004072866 1 121
202102240086 2459270.543611111 -12153.355405139293 1 122
202102240086 2459270.543611111 -12802.22954848507 1 123
202102240086 2459270.543611111 -11985.96760162526 1 124
202102240086 2459270.543611111 -11983.123881166635 1 125
202102240086 2459270.543611111 -11476.166402044937 1 126
202102240086 2459270.543611111 -11951.715786282562 1 127
202102240086 2459270.543611111 -11963.663619238556 1 128
202102240086 2459270.543611111 -11112.512401284295 1 129
202102240086 2459270.543611111 -11786.900422692861 1 130
202102240086 2459270.543611111 -13275.525707829327 1 131
202102240086 2459270.543611111 -12006.851632615759 1 132
202102240086 2459270.543611111 -15434.770028980567 1 133
202102240087 2459270.5660416665 -12155.937028164772 1 76
202102240087 2459270.5660416665 -10007.269919835042 1 84
202102240087 2459270.5660416665 -12460.29918715614 1 85
202102240087 2459270.5660416665 -12236.04366321111 1 86
202102240087 2459270.5660416665 -11247.996761000537 1 89
202102240087 2459270.5660416665 -11800.229685930331 1 90
202102240087 2459270.5660416665 -11560.717620770589 1 92
202102240087 2459270.5660416665 -11400.697848407739 1 93
202102240087 2459270.5660416665 -12005.13537085421 1 94
202102240087 2459270.5660416665 -12663.04407675051 1 98
202102240087 2459270.5660416665 -10960.277827711447 1 99
202102240087 2459270.5660416665 nan nan 100
202102240087 2459270.5660416665 -12122.992316950333 1 101
202102240087 2459270.5660416665 -11703.780369780854 1 102
202102240087 2459270.5660416665 -11966.653790937458 1 103
202102240087 2459270.5660416665 -11655.784194498852 1 104
202102240087 2459270.5660416665 nan nan 105
202102240087 2459270.5660416665 -12313.477317755662 1 106
202102240087 2459270.5660416665 -11701.629554612591 1 107
202102240087 2459270.5660416665 -12012.875105986603 1 108
202102240087 2459270.5660416665 -11892.739749102087 1 109
202102240087 2459270.5660416665 -11264.989205207748 1 110
202102240087 2459270.5660416665 -12213.507920188538 1 111
202102240087 2459270.5660416665 -12074.946615638704 1 112
202102240087 2459270.5660416665 nan nan 113
202102240087 2459270.5660416665 -12238.798808781292 1 114
202102240087 2459270.5660416665 -11937.211914816111 1 115
202102240087 2459270.5660416665 -12083.009681808493 1 116
202102240087 2459270.5660416665 -12427.563533009978 1 117
202102240087 2459270.5660416665 -11070.78931262352 1 118
202102240087 2459270.5660416665 -11495.01163226554 1 119
202102240087 2459270.5660416665 -12451.562458752633 1 120
202102240087 2459270.5660416665 -12210.64749726075 1 121
202102240087 2459270.5660416665 -12012.339860144615 1 122
202102240087 2459270.5660416665 -12556.685139431578 1 123
202102240087 2459270.5660416665 -11763.557837379058 1 124
202102240087 2459270.5660416665 -12357.657351857491 1 125
202102240087 2459270.5660416665 -11803.885053871443 1 126
202102240087 2459270.5660416665 -12033.133041371053 1 127
202102240087 2459270.5660416665 -11929.055600408647 1 128
202102240087 2459270.5660416665 -12306.514170732775 1 129
202102240087 2459270.5660416665 -12071.705081563445 1 130
202102240087 2459270.5660416665 -11889.42476020361 1 131
202102240087 2459270.5660416665 -11932.847021033489 1 132
202102240087 2459270.5660416665 -11779.151962742562 1 133
202102240088 2459270.588032407 -11615.294934569049 1 76
202102240088 2459270.588032407 -9847.107799400314 1 84
202102240088 2459270.588032407 -12830.175066958085 1 85
202102240088 2459270.588032407 -11505.855690721894 1 86
202102240088 2459270.588032407 -11699.02210477108 1 89
202102240088 2459270.588032407 -11683.906227317046 1 90
202102240088 2459270.588032407 -11430.219405958416 1 92
202102240088 2459270.588032407 -11620.784571108656 1 93
202102240088 2459270.588032407 -11838.504413833452 1 94
202102240088 2459270.588032407 -12184.544956589558 1 98
202102240088 2459270.588032407 -10747.286308985582 1 99
202102240088 2459270.588032407 nan nan 100
202102240088 2459270.588032407 -13634.076170816683 1 101
202102240088 2459270.588032407 -11738.569517715834 1 102
202102240088 2459270.588032407 -11850.466132116584 1 103
202102240088 2459270.588032407 -11694.137348244469 1 104
202102240088 2459270.588032407 nan nan 105
202102240088 2459270.588032407 -12248.237879734546 1 106
202102240088 2459270.588032407 -11758.651679406534 1 107
202102240088 2459270.588032407 -12043.366212105333 1 108
202102240088 2459270.588032407 -12129.689969645957 1 109
202102240088 2459270.588032407 -11571.880905570215 1 110
202102240088 2459270.588032407 -12138.8645507419 1 111
202102240088 2459270.588032407 -12183.14735341851 1 112
202102240088 2459270.588032407 nan nan 113
202102240088 2459270.588032407 -11991.516154901388 1 114
202102240088 2459270.588032407 -11827.29158405536 1 115
202102240088 2459270.588032407 -12132.109896440186 1 116
202102240088 2459270.588032407 -11306.74263747636 1 117
202102240088 2459270.588032407 -11203.506872686949 1 118
202102240088 2459270.588032407 -11775.044477310372 1 119
202102240088 2459270.588032407 -11973.876084826417 1 120
202102240088 2459270.588032407 -12031.56820377155 1 121
202102240088 2459270.588032407 -11763.677832879815 1 122
202102240088 2459270.588032407 -12515.519272539625 1 123
202102240088 2459270.588032407 -11899.748897475873 1 124
202102240088 2459270.588032407 -11831.027788979725 1 125
202102240088 2459270.588032407 -11535.855773289779 1 126
202102240088 2459270.588032407 -11843.090555665272 1 127
202102240088 2459270.588032407 -11858.278783051202 1 128
202102240088 2459270.588032407 -11705.155029996826 1 129
202102240088 2459270.588032407 -12387.44802452392 1 130
202102240088 2459270.588032407 -12138.645007023904 1 131
202102240088 2459270.588032407 -11870.493629929682 1 132
202102240088 2459270.588032407 -11672.87136137971 1 133
202102240089 2459270.610011574 -11745.022299511907 1 76
202102240089 2459270.610011574 -11729.702126786222 1 84
202102240089 2459270.610011574 -12316.604136827178 1 85
202102240089 2459270.610011574 -12121.693601553188 1 86
202102240089 2459270.610011574 -11596.64057129561 1 89
202102240089 2459270.610011574 -12155.179724408721 1 90
202102240089 2459270.610011574 -11693.696869440804 1 92
202102240089 2459270.610011574 -11730.509818713037 1 93
202102240089 2459270.610011574 -12917.207943546407 1 94
202102240089 2459270.610011574 -12380.949275220572 1 98
202102240089 2459270.610011574 -11587.603301812984 1 99
202102240089 2459270.610011574 nan nan 100
202102240089 2459270.610011574 -13482.866759919087 1 101
202102240089 2459270.610011574 -11545.58688824104 1 102
202102240089 2459270.610011574 -11862.721417737699 1 103
202102240089 2459270.610011574 -11766.874762695861 1 104
202102240089 2459270.610011574 nan nan 105
202102240089 2459270.610011574 -12473.578024655775 1 106
202102240089 2459270.610011574 -11772.154517434601 1 107
202102240089 2459270.610011574 -12274.44289776469 1 108
202102240089 2459270.610011574 -12213.857213401996 1 109
202102240089 2459270.610011574 -11429.28963079552 1 110
202102240089 2459270.610011574 -12161.335762750652 1 111
202102240089 2459270.610011574 -11534.08451866249 1 112
202102240089 2459270.610011574 nan nan 113
202102240089 2459270.610011574 -12418.710241417877 1 114
202102240089 2459270.610011574 -11848.795322088159 1 115
202102240089 2459270.610011574 -12083.050478437135 1 116
202102240089 2459270.610011574 -11868.538206756986 1 117
202102240089 2459270.610011574 -11192.179899844497 1 118
202102240089 2459270.610011574 -12031.803925260328 1 119
202102240089 2459270.610011574 -11818.484108999897 1 120
202102240089 2459270.610011574 -11687.5086025094 1 121
202102240089 2459270.610011574 -11864.150712392533 1 122
202102240089 2459270.610011574 -12617.563928520933 1 123
202102240089 2459270.610011574 -11500.773554217927 1 124
202102240089 2459270.610011574 -12157.928767619407 1 125
202102240089 2459270.610011574 -11685.375478666192 1 126
202102240089 2459270.610011574 -11666.123091843046 1 127
202102240089 2459270.610011574 -12178.36402749102 1 128
202102240089 2459270.610011574 -11747.787551345062 1 129
202102240089 2459270.610011574 -12405.560310928644 1 130
202102240089 2459270.610011574 -12256.26106496228 1 131
202102240089 2459270.610011574 -12129.645010840148 1 132
202102240089 2459270.610011574 -11746.55005137204 1 133
202102240090 2459270.632002315 -12243.536633881067 1 76
202102240090 2459270.632002315 -12792.038955454174 1 84
202102240090 2459270.632002315 -12517.519926894718 1 85
202102240090 2459270.632002315 -12437.858223895562 1 86
202102240090 2459270.632002315 -11222.693402638371 1 89
202102240090 2459270.632002315 -11819.956677750246 1 90
202102240090 2459270.632002315 -11574.131363622748 1 92
202102240090 2459270.632002315 -11764.048191898055 1 93
202102240090 2459270.632002315 -12046.20976148509 1 94
202102240090 2459270.632002315 -12274.660487248993 1 98
202102240090 2459270.632002315 -9714.926076773978 1 99
202102240090 2459270.632002315 nan nan 100
202102240090 2459270.632002315 -14017.73839010782 1 101
202102240090 2459270.632002315 -11459.955388432318 1 102
202102240090 2459270.632002315 -12131.380026970755 1 103
202102240090 2459270.632002315 -11469.270535644382 1 104
202102240090 2459270.632002315 nan nan 105
202102240090 2459270.632002315 -12228.680840437082 1 106
202102240090 2459270.632002315 -11693.803676553745 1 107
202102240090 2459270.632002315 -12389.655330645424 1 108
202102240090 2459270.632002315 -11861.493721235825 1 109
202102240090 2459270.632002315 -11432.416100537563 1 110
202102240090 2459270.632002315 -12081.220884371964 1 111
202102240090 2459270.632002315 -10906.26370138316 1 112
202102240090 2459270.632002315 nan nan 113
202102240090 2459270.632002315 -12562.136084089043 1 114
202102240090 2459270.632002315 -11743.123786258755 1 115
202102240090 2459270.632002315 -11895.13219316994 1 116
202102240090 2459270.632002315 -11988.839638059857 1 117
202102240090 2459270.632002315 -11296.61494531953 1 118
202102240090 2459270.632002315 -11156.777744459647 1 119
202102240090 2459270.632002315 -12094.197698395386 1 120
202102240090 2459270.632002315 -12126.737912328788 1 121
202102240090 2459270.632002315 -12585.303447796447 1 122
202102240090 2459270.632002315 -12772.120614261323 1 123
202102240090 2459270.632002315 -11762.380821897312 1 124
202102240090 2459270.632002315 -12129.438991117657 1 125
202102240090 2459270.632002315 -11437.078404160797 1 126
202102240090 2459270.632002315 -12048.003429758444 1 127
202102240090 2459270.632002315 -11716.464633773565 1 128
202102240090 2459270.632002315 -11623.456410915494 1 129
202102240090 2459270.632002315 -12462.997033471456 1 130
202102240090 2459270.632002315 -12130.971991969554 1 131
202102240090 2459270.632002315 -13540.359785531584 1 132
202102240090 2459270.632002315 -11793.286603722741 1 133
202102240091 2459270.6539930557 -11240.199723701742 1 76
202102240091 2459270.6539930557 -13979.44749306235 1 84
202102240091 2459270.6539930557 -11490.109111010423 1 85
202102240091 2459270.6539930557 -11874.386636328003 1 86
202102240091 2459270.6539930557 -11870.152920233546 1 89
202102240091 2459270.6539930557 -11215.911744175317 1 90
202102240091 2459270.6539930557 -11582.930846501378 1 92
202102240091 2459270.6539930557 -11703.12173134152 1 93
202102240091 2459270.6539930557 -11496.2817255892 1 94
202102240091 2459270.6539930557 -12754.695499441274 1 98
202102240091 2459270.6539930557 -11168.811341380668 1 99
202102240091 2459270.6539930557 nan nan 100
202102240091 2459270.6539930557 -12296.806835730918 1 101
202102240091 2459270.6539930557 -11663.67059223504 1 102
202102240091 2459270.6539930557 -11768.57855330525 1 103
202102240091 2459270.6539930557 -11183.26424272533 1 104
202102240091 2459270.6539930557 nan nan 105
202102240091 2459270.6539930557 -12255.235232743018 1 106
202102240091 2459270.6539930557 -11940.082549588004 1 107
202102240091 2459270.6539930557 -12515.26486099434 1 108
202102240091 2459270.6539930557 -11864.705850693685 1 109
202102240091 2459270.6539930557 -11358.117776299476 1 110
202102240091 2459270.6539930557 -12094.353001173356 1 111
202102240091 2459270.6539930557 -11695.079204246074 1 112
202102240091 2459270.6539930557 nan nan 113
202102240091 2459270.6539930557 -12349.853922828155 1 114
202102240091 2459270.6539930557 -11689.695327819345 1 115
202102240091 2459270.6539930557 -12093.227868567681 1 116
202102240091 2459270.6539930557 -11903.824712991318 1 117
202102240091 2459270.6539930557 -11763.710787514581 1 118
202102240091 2459270.6539930557 -11619.414609773177 1 119
202102240091 2459270.6539930557 -12454.751606286884 1 120
202102240091 2459270.6539930557 -11773.807157316354 1 121
202102240091 2459270.6539930557 -12059.4136961074 1 122
202102240091 2459270.6539930557 -12269.922466792656 1 123
202102240091 2459270.6539930557 -12145.099340081364 1 124
202102240091 2459270.6539930557 -11426.861959567157 1 125
202102240091 2459270.6539930557 -11578.346511415095 1 126
202102240091 2459270.6539930557 -11754.657220095607 1 127
202102240091 2459270.6539930557 -11927.354290785184 1 128
202102240091 2459270.6539930557 -12082.346384467124 1 129
202102240091 2459270.6539930557 -12113.264307664782 1 130
202102240091 2459270.6539930557 -11251.636395532167 1 131
202102240091 2459270.6539930557 -13116.704446238493 1 132
202102240091 2459270.6539930557 -11799.49544241087 1 133
202102240092 2459270.676574074 -11702.261507946409 1 76
202102240092 2459270.676574074 -10469.85513190239 1 84
202102240092 2459270.676574074 -12753.000608084882 1 85
202102240092 2459270.676574074 -12348.344083336726 1 86
202102240092 2459270.676574074 -11379.814730141685 1 89
202102240092 2459270.676574074 -10605.903901016529 1 90
202102240092 2459270.676574074 -11653.347964706974 1 92
202102240092 2459270.676574074 -11678.90802646336 1 93
202102240092 2459270.676574074 -11724.684057817796 1 94
202102240092 2459270.676574074 -13372.889985180747 1 98
202102240092 2459270.676574074 -11657.232051894842 1 99
202102240092 2459270.676574074 nan nan 100
202102240092 2459270.676574074 -13619.111994328036 1 101
202102240092 2459270.676574074 -11629.155961560096 1 102
202102240092 2459270.676574074 -12111.045984681376 1 103
202102240092 2459270.676574074 -11919.966007851808 1 104
202102240092 2459270.676574074 nan nan 105
202102240092 2459270.676574074 -11945.347292134233 1 106
202102240092 2459270.676574074 -11785.9581011048 1 107
202102240092 2459270.676574074 -12385.022431012687 1 108
202102240092 2459270.676574074 -12082.099482761028 1 109
202102240092 2459270.676574074 -11375.105713211122 1 110
202102240092 2459270.676574074 -12085.822609761943 1 111
202102240092 2459270.676574074 -11506.615917866111 1 112
202102240092 2459270.676574074 nan nan 113
202102240092 2459270.676574074 -12116.403641761246 1 114
202102240092 2459270.676574074 -11783.944922020824 1 115
202102240092 2459270.676574074 -12087.543829386876 1 116
202102240092 2459270.676574074 -12017.678268352034 1 117
202102240092 2459270.676574074 -11273.907271254273 1 118
202102240092 2459270.676574074 -11525.776791455193 1 119
202102240092 2459270.676574074 -12397.364056575394 1 120
202102240092 2459270.676574074 -11897.02590928594 1 121
202102240092 2459270.676574074 -11859.161592742867 1 122
202102240092 2459270.676574074 -12225.15963520788 1 123
202102240092 2459270.676574074 -12033.585860073901 1 124
202102240092 2459270.676574074 -11905.858087485185 1 125
202102240092 2459270.676574074 -11650.257270314192 1 126
202102240092 2459270.676574074 -11808.72597705704 1 127
202102240092 2459270.676574074 -11706.277895505284 1 128
202102240092 2459270.676574074 -11398.768685565945 1 129
202102240092 2459270.676574074 -11900.101128131293 1 130
202102240092 2459270.676574074 -12191.393913028343 1 131
202102240092 2459270.676574074 -12673.06518328054 1 132
202102240092 2459270.676574074 -12112.878890655847 1 133
202102240093 2459270.698761574 -11763.300594775324 1 76
202102240093 2459270.698761574 -10532.120196092486 1 84
202102240093 2459270.698761574 -13779.124303290742 1 85
202102240093 2459270.698761574 -12710.012891158696 1 86
202102240093 2459270.698761574 -11290.444891330317 1 89
202102240093 2459270.698761574 -11660.558975620272 1 90
202102240093 2459270.698761574 -11645.463572150218 1 92
202102240093 2459270.698761574 -11513.090314921552 1 93
202102240093 2459270.698761574 -11638.0331646047 1 94
202102240093 2459270.698761574 -11189.908685036387 1 98
202102240093 2459270.698761574 -11983.737521722098 1 99
202102240093 2459270.698761574 nan nan 100
202102240093 2459270.698761574 -12635.020084545331 1 101
202102240093 2459270.698761574 -11494.846910316428 1 102
202102240093 2459270.698761574 -12133.419090457515 1 103
202102240093 2459270.698761574 -11566.113490640011 1 104
202102240093 2459270.698761574 nan nan 105
202102240093 2459270.698761574 -12201.119687812852 1 106
202102240093 2459270.698761574 -11721.578838026806 1 107
202102240093 2459270.698761574 -12811.28279905462 1 108
202102240093 2459270.698761574 -11854.31763330537 1 109
202102240093 2459270.698761574 -11302.143158683819 1 110
202102240093 2459270.698761574 -12220.953292212602 1 111
202102240093 2459270.698761574 -11712.959312086632 1 112
202102240093 2459270.698761574 nan nan 113
202102240093 2459270.698761574 -12465.447205840761 1 114
202102240093 2459270.698761574 -11809.691404985742 1 115
202102240093 2459270.698761574 -11985.594997211683 1 116
202102240093 2459270.698761574 -11787.84495745924 1 117
202102240093 2459270.698761574 -11046.396922672115 1 118
202102240093 2459270.698761574 -10769.809564577516 1 119
202102240093 2459270.698761574 -11947.07049657773 1 120
202102240093 2459270.698761574 -12531.049303934631 1 121
202102240093 2459270.698761574 -11973.334243475134 1 122
202102240093 2459270.698761574 -12137.29994806031 1 123
202102240093 2459270.698761574 -11831.299303357047 1 124
202102240093 2459270.698761574 -11998.476460120475 1 125
202102240093 2459270.698761574 -11779.099064340708 1 126
202102240093 2459270.698761574 -11049.486132344795 1 127
202102240093 2459270.698761574 -12013.055938446178 1 128
202102240093 2459270.698761574 -11812.435479467962 1 129
202102240093 2459270.698761574 -13006.448519238445 1 130
202102240093 2459270.698761574 -12470.880596022293 1 131
202102240093 2459270.698761574 -11784.948438922047 1 132
202102240093 2459270.698761574 -11790.266348870156 1 133
202102240094 2459270.7207523147 -12105.592748123607 1 76
202102240094 2459270.7207523147 -10039.147198083247 1 84
202102240094 2459270.7207523147 -12237.931737341924 1 85
202102240094 2459270.7207523147 -11438.083131982281 1 86
202102240094 2459270.7207523147 -11431.552501322843 1 89
202102240094 2459270.7207523147 -11000.001025135418 1 90
202102240094 2459270.7207523147 -11494.774970750246 1 92
202102240094 2459270.7207523147 -11840.296935381264 1 93
202102240094 2459270.7207523147 -11398.849859313386 1 94
202102240094 2459270.7207523147 -12525.089766890726 1 98
202102240094 2459270.7207523147 -11347.10624827564 1 99
202102240094 2459270.7207523147 nan nan 100
202102240094 2459270.7207523147 -12570.692301311443 1 101
202102240094 2459270.7207523147 -11410.844859276567 1 102
202102240094 2459270.7207523147 -11970.965249588871 1 103
202102240094 2459270.7207523147 -11538.827952135534 1 104
202102240094 2459270.7207523147 nan nan 105
202102240094 2459270.7207523147 -12013.437215171574 1 106
202102240094 2459270.7207523147 -11365.782808909575 1 107
202102240094 2459270.7207523147 -12370.308736293298 1 108
202102240094 2459270.7207523147 -11913.547435189908 1 109
202102240094 2459270.7207523147 -11385.117046770585 1 110
202102240094 2459270.7207523147 -12035.882093102942 1 111
202102240094 2459270.7207523147 -12317.184558726472 1 112
202102240094 2459270.7207523147 nan nan 113
202102240094 2459270.7207523147 -12297.633202044679 1 114
202102240094 2459270.7207523147 -11673.075230088943 1 115
202102240094 2459270.7207523147 -12020.865389170567 1 116
202102240094 2459270.7207523147 -11691.217876447867 1 117
202102240094 2459270.7207523147 -10518.928324786602 1 118
202102240094 2459270.7207523147 -11405.940843699496 1 119
202102240094 2459270.7207523147 -12117.724218379171 1 120
202102240094 2459270.7207523147 -12297.19038534078 1 121
202102240094 2459270.7207523147 -11843.558269763787 1 122
202102240094 2459270.7207523147 -12339.649349997537 1 123
202102240094 2459270.7207523147 -11970.365946413005 1 124
202102240094 2459270.7207523147 -11890.416557398083 1 125
202102240094 2459270.7207523147 -11546.782160723455 1 126
202102240094 2459270.7207523147 -11791.149761973138 1 127
202102240094 2459270.7207523147 -11676.372618473959 1 128
202102240094 2459270.7207523147 -11909.151910840752 1 129
202102240094 2459270.7207523147 -11756.522838312429 1 130
202102240094 2459270.7207523147 -12040.24580082283 1 131
202102240094 2459270.7207523147 -11670.180052287013 1 132
202102240094 2459270.7207523147 -11851.917461750312 1 133
202102250092 2459271.538483796 -12110.164489599518 1 76
202102250092 2459271.538483796 -11435.96571755702 1 84
202102250092 2459271.538483796 -14273.714520430844 1 85
202102250092 2459271.538483796 -12324.52357859231 1 86
202102250092 2459271.538483796 -11834.301097137877 1 89
202102250092 2459271.538483796 -12476.74246089408 1 90
202102250092 2459271.538483796 -11921.03029889997 1 92
202102250092 2459271.538483796 -12323.593020688284 1 93
202102250092 2459271.538483796 -12661.05220081268 1 94
202102250092 2459271.538483796 -12797.213482465197 1 98
202102250092 2459271.538483796 -10872.954172816624 1 99
202102250092 2459271.538483796 nan nan 100
202102250092 2459271.538483796 -13659.825600286556 1 101
202102250092 2459271.538483796 -13009.028205283515 1 102
202102250092 2459271.538483796 -12897.59676068581 1 103
202102250092 2459271.538483796 -12478.351781685933 1 104
202102250092 2459271.538483796 nan nan 105
202102250092 2459271.538483796 -12967.549255405944 1 106
202102250092 2459271.538483796 -12423.798305323578 1 107
202102250092 2459271.538483796 -12876.645375058404 1 108
202102250092 2459271.538483796 -12620.459234270478 1 109
202102250092 2459271.538483796 -12001.155401326894 1 110
202102250092 2459271.538483796 -12643.184876990284 1 111
202102250092 2459271.538483796 -13506.33018356202 1 112
202102250092 2459271.538483796 nan nan 113
202102250092 2459271.538483796 -13067.392187197624 1 114
202102250092 2459271.538483796 -12475.392220138916 1 115
202102250092 2459271.538483796 -12781.666475513697 1 116
202102250092 2459271.538483796 -12601.485411475023 1 117
202102250092 2459271.538483796 -11972.344418025883 1 118
202102250092 2459271.538483796 -12079.068981015682 1 119
202102250092 2459271.538483796 -12981.806365856059 1 120
202102250092 2459271.538483796 -12475.25147676412 1 121
202102250092 2459271.538483796 -12274.353952258112 1 122
202102250092 2459271.538483796 -13059.671292695055 1 123
202102250092 2459271.538483796 -12627.529467289423 1 124
202102250092 2459271.538483796 -12746.353909551768 1 125
202102250092 2459271.538483796 -12174.013755260956 1 126
202102250092 2459271.538483796 -12588.41956186427 1 127
202102250092 2459271.538483796 -12506.015828658858 1 128
202102250092 2459271.538483796 -12344.916586571904 1 129
202102250092 2459271.538483796 -11972.671262427592 1 130
202102250092 2459271.538483796 -12622.013043602861 1 131
202102250092 2459271.538483796 -13504.626057313604 1 132
202102250092 2459271.538483796 -12322.008171871526 1 133
202102250093 2459271.5604976853 -12352.060531771554 1 76
202102250093 2459271.5604976853 -11659.017653824845 1 84
202102250093 2459271.5604976853 -13533.573401711035 1 85
202102250093 2459271.5604976853 -12362.988986295606 1 86
202102250093 2459271.5604976853 -12146.480793685063 1 89
202102250093 2459271.5604976853 -11396.170644165943 1 90
202102250093 2459271.5604976853 -11922.197444626136 1 92
202102250093 2459271.5604976853 -12309.788992222293 1 93
202102250093 2459271.5604976853 -12461.578060903363 1 94
202102250093 2459271.5604976853 -11992.341720023833 1 98
202102250093 2459271.5604976853 -13113.360172439428 1 99
202102250093 2459271.5604976853 nan nan 100
202102250093 2459271.5604976853 -13654.575947395708 1 101
202102250093 2459271.5604976853 -12216.152657975732 1 102
202102250093 2459271.5604976853 -12551.29818735926 1 103
202102250093 2459271.5604976853 -12596.217717318132 1 104
202102250093 2459271.5604976853 nan nan 105
202102250093 2459271.5604976853 -13082.066972701588 1 106
202102250093 2459271.5604976853 -12454.507600770923 1 107
202102250093 2459271.5604976853 -12854.353311382836 1 108
202102250093 2459271.5604976853 -12750.998211474196 1 109
202102250093 2459271.5604976853 -12049.714467908056 1 110
202102250093 2459271.5604976853 -12771.303218735042 1 111
202102250093 2459271.5604976853 -12656.335121251597 1 112
202102250093 2459271.5604976853 nan nan 113
202102250093 2459271.5604976853 -13076.144095316475 1 114
202102250093 2459271.5604976853 -12413.261276073034 1 115
202102250093 2459271.5604976853 -12726.947226937475 1 116
202102250093 2459271.5604976853 -12562.033979351128 1 117
202102250093 2459271.5604976853 -11990.75677855192 1 118
202102250093 2459271.5604976853 -10998.185546448869 1 119
202102250093 2459271.5604976853 -12728.523839375308 1 120
202102250093 2459271.5604976853 -12431.539207132408 1 121
202102250093 2459271.5604976853 -12609.15022634055 1 122
202102250093 2459271.5604976853 -13431.319182341564 1 123
202102250093 2459271.5604976853 -12788.91952277838 1 124
202102250093 2459271.5604976853 -12513.957356106308 1 125
202102250093 2459271.5604976853 -12238.461601948324 1 126
202102250093 2459271.5604976853 -12117.015779483212 1 127
202102250093 2459271.5604976853 -12641.382005907235 1 128
202102250093 2459271.5604976853 -12586.57692904832 1 129
202102250093 2459271.5604976853 -13606.236334383513 1 130
202102250093 2459271.5604976853 -12605.051272081193 1 131
202102250093 2459271.5604976853 -11733.27302719109 1 132
202102250093 2459271.5604976853 -12361.015610829334 1 133
202102250094 2459271.582476852 -12250.71801437196 1 76
202102250094 2459271.582476852 -12232.788375175282 1 84
202102250094 2459271.582476852 -14192.818708605164 1 85
202102250094 2459271.582476852 -12059.219417151884 1 86
202102250094 2459271.582476852 -12555.506876309879 1 89
202102250094 2459271.582476852 -12854.279802435203 1 90
202102250094 2459271.582476852 -11874.219593510476 1 92
202102250094 2459271.582476852 -12512.90830121075 1 93
202102250094 2459271.582476852 -12377.50283439444 1 94
202102250094 2459271.582476852 -13082.569911251398 1 98
202102250094 2459271.582476852 -9913.97243373597 1 99
202102250094 2459271.582476852 nan nan 100
202102250094 2459271.582476852 -14229.346245716897 1 101
202102250094 2459271.582476852 -12203.267223240344 1 102
202102250094 2459271.582476852 -12470.87116606718 1 103
202102250094 2459271.582476852 -12675.096852073491 1 104
202102250094 2459271.582476852 nan nan 105
202102250094 2459271.582476852 -12550.417294048846 1 106
202102250094 2459271.582476852 -13083.871065475227 1 107
202102250094 2459271.582476852 -13018.83158909903 1 108
202102250094 2459271.582476852 -12761.312807892122 1 109
202102250094 2459271.582476852 -12038.365886528944 1 110
202102250094 2459271.582476852 -12635.88094159125 1 111
202102250094 2459271.582476852 -12030.126922736774 1 112
202102250094 2459271.582476852 nan nan 113
202102250094 2459271.582476852 -13035.132078424971 1 114
202102250094 2459271.582476852 -12611.881802997743 1 115
202102250094 2459271.582476852 -12700.884148128196 1 116
202102250094 2459271.582476852 -12420.898535656259 1 117
202102250094 2459271.582476852 -12254.663681844566 1 118
202102250094 2459271.582476852 -11765.672259404706 1 119
202102250094 2459271.582476852 -12796.981877534257 1 120
202102250094 2459271.582476852 -12616.485795420165 1 121
202102250094 2459271.582476852 -13439.79153444985 1 122
202102250094 2459271.582476852 -12744.414123567076 1 123
202102250094 2459271.582476852 -12448.184917822056 1 124
202102250094 2459271.582476852 -12550.292481567347 1 125
202102250094 2459271.582476852 -12237.543306780148 1 126
202102250094 2459271.582476852 -12193.30112047908 1 127
202102250094 2459271.582476852 -12414.920686622227 1 128
202102250094 2459271.582476852 -12977.503392964176 1 129
202102250094 2459271.582476852 -12017.123675739536 1 130
202102250094 2459271.582476852 -13223.62396314482 1 131
202102250094 2459271.582476852 -12803.100480525767 1 132
202102250094 2459271.582476852 -10094.016792005565 1 133
202102250095 2459271.6044675927 -12501.558761152193 1 76
202102250095 2459271.6044675927 -10790.800822380606 1 84
202102250095 2459271.6044675927 -14535.846078980798 1 85
202102250095 2459271.6044675927 -12585.229761636994 1 86
202102250095 2459271.6044675927 -12108.881004710078 1 89
202102250095 2459271.6044675927 -13212.593196750204 1 90
202102250095 2459271.6044675927 -12020.954355101494 1 92
202102250095 2459271.6044675927 -12135.742194428127 1 93
202102250095 2459271.6044675927 -12744.21733896331 1 94
202102250095 2459271.6044675927 -14729.823315281019 1 98
202102250095 2459271.6044675927 -11998.941616159365 1 99
202102250095 2459271.6044675927 nan nan 100
202102250095 2459271.6044675927 -13497.017552640462 1 101
202102250095 2459271.6044675927 -12404.496400287962 1 102
202102250095 2459271.6044675927 -12736.099454999005 1 103
202102250095 2459271.6044675927 -12129.162699514522 1 104
202102250095 2459271.6044675927 nan nan 105
202102250095 2459271.6044675927 -12942.247436699983 1 106
202102250095 2459271.6044675927 -12050.133672646583 1 107
202102250095 2459271.6044675927 -12899.775769344034 1 108
202102250095 2459271.6044675927 -12554.747473050644 1 109
202102250095 2459271.6044675927 -12106.815693898587 1 110
202102250095 2459271.6044675927 -12925.423515186956 1 111
202102250095 2459271.6044675927 -13270.187138579746 1 112
202102250095 2459271.6044675927 nan nan 113
202102250095 2459271.6044675927 -12575.665996259437 1 114
202102250095 2459271.6044675927 -12426.24612027262 1 115
202102250095 2459271.6044675927 -12876.236632706368 1 116
202102250095 2459271.6044675927 -12406.5477575682 1 117
202102250095 2459271.6044675927 -12129.318422680464 1 118
202102250095 2459271.6044675927 -12459.647895077565 1 119
202102250095 2459271.6044675927 -12879.104652080061 1 120
202102250095 2459271.6044675927 -12725.527463714494 1 121
202102250095 2459271.6044675927 -12546.889463625832 1 122
202102250095 2459271.6044675927 -13218.0097405156 1 123
202102250095 2459271.6044675927 -12520.301609953034 1 124
202102250095 2459271.6044675927 -12760.060137688579 1 125
202102250095 2459271.6044675927 -12460.859881181694 1 126
202102250095 2459271.6044675927 -12941.045529745246 1 127
202102250095 2459271.6044675927 -12568.47112351027 1 128
202102250095 2459271.6044675927 -12236.269931641173 1 129
202102250095 2459271.6044675927 -12703.240817549673 1 130
202102250095 2459271.6044675927 -12971.910981954694 1 131
202102250095 2459271.6044675927 -12782.06538418464 1 132
202102250095 2459271.6044675927 -12426.97849895043 1 133
202102250096 2459271.6264583333 -13185.939124921031 1 76
202102250096 2459271.6264583333 -11627.459505690089 1 84
202102250096 2459271.6264583333 -14376.07486235638 1 85
202102250096 2459271.6264583333 -12141.70624719377 1 86
202102250096 2459271.6264583333 -11696.770061126987 1 89
202102250096 2459271.6264583333 -16581.25342577007 1 90
202102250096 2459271.6264583333 -11917.526089843435 1 92
202102250096 2459271.6264583333 -12428.970253337424 1 93
202102250096 2459271.6264583333 -12857.749699735497 1 94
202102250096 2459271.6264583333 -13540.916392656725 1 98
202102250096 2459271.6264583333 -11403.49702087373 1 99
202102250096 2459271.6264583333 nan nan 100
202102250096 2459271.6264583333 -14068.494642032987 1 101
202102250096 2459271.6264583333 -12430.397613210776 1 102
202102250096 2459271.6264583333 -12419.565409683466 1 103
202102250096 2459271.6264583333 -12527.225974371131 1 104
202102250096 2459271.6264583333 nan nan 105
202102250096 2459271.6264583333 -13041.194744630158 1 106
202102250096 2459271.6264583333 -12596.944018519716 1 107
202102250096 2459271.6264583333 -13271.342552822081 1 108
202102250096 2459271.6264583333 -12859.241764916102 1 109
202102250096 2459271.6264583333 -12135.933207243457 1 110
202102250096 2459271.6264583333 -12970.064159479374 1 111
202102250096 2459271.6264583333 -12916.473770834602 1 112
202102250096 2459271.6264583333 nan nan 113
202102250096 2459271.6264583333 -13636.655831958778 1 114
202102250096 2459271.6264583333 -12262.508141234932 1 115
202102250096 2459271.6264583333 -12616.968186124825 1 116
202102250096 2459271.6264583333 -12413.083662489667 1 117
202102250096 2459271.6264583333 -12110.018238214849 1 118
202102250096 2459271.6264583333 -10751.795576314287 1 119
202102250096 2459271.6264583333 -12552.20105128116 1 120
202102250096 2459271.6264583333 -13061.320277232828 1 121
202102250096 2459271.6264583333 -12804.969635571437 1 122
202102250096 2459271.6264583333 -13075.69853313017 1 123
202102250096 2459271.6264583333 -12248.469178000914 1 124
202102250096 2459271.6264583333 -12660.653173143946 1 125
202102250096 2459271.6264583333 -12272.148957638827 1 126
202102250096 2459271.6264583333 -12584.286076467712 1 127
202102250096 2459271.6264583333 -12686.21393229836 1 128
202102250096 2459271.6264583333 -12026.998936680298 1 129
202102250096 2459271.6264583333 -12569.38893031498 1 130
202102250096 2459271.6264583333 -12831.488942811846 1 131
202102250096 2459271.6264583333 -11983.88765358301 1 132
202102250096 2459271.6264583333 -13493.170952471328 1 133
202102250097 2459271.648449074 -12046.63677524617 1 76
202102250097 2459271.648449074 -11865.608755872847 1 84
202102250097 2459271.648449074 -15941.832746974305 1 85
202102250097 2459271.648449074 -11510.99230026161 1 86
202102250097 2459271.648449074 -12614.9484772485 1 89
202102250097 2459271.648449074 -11210.710899991662 1 90
202102250097 2459271.648449074 -11411.258456013085 1 92
202102250097 2459271.648449074 -12355.437285221917 1 93
202102250097 2459271.648449074 -12655.636799065427 1 94
202102250097 2459271.648449074 -13146.392458689692 1 98
202102250097 2459271.648449074 -11410.115536464838 1 99
202102250097 2459271.648449074 nan nan 100
202102250097 2459271.648449074 -15361.667090477986 1 101
202102250097 2459271.648449074 -12241.681558011398 1 102
202102250097 2459271.648449074 -12177.051775656082 1 103
202102250097 2459271.648449074 -12575.211897763213 1 104
202102250097 2459271.648449074 nan nan 105
202102250097 2459271.648449074 -13026.610899884297 1 106
202102250097 2459271.648449074 -12424.506968291045 1 107
202102250097 2459271.648449074 -12802.991615639969 1 108
202102250097 2459271.648449074 -12758.051087693178 1 109
202102250097 2459271.648449074 -12016.102967383566 1 110
202102250097 2459271.648449074 -12935.165164576936 1 111
202102250097 2459271.648449074 -12272.181493178123 1 112
202102250097 2459271.648449074 nan nan 113
202102250097 2459271.648449074 -13402.807909873995 1 114
202102250097 2459271.648449074 -12572.321433684649 1 115
202102250097 2459271.648449074 -12841.864340071137 1 116
202102250097 2459271.648449074 -12381.58263372273 1 117
202102250097 2459271.648449074 -12000.949495305198 1 118
202102250097 2459271.648449074 -11772.289803336731 1 119
202102250097 2459271.648449074 -13135.344900358856 1 120
202102250097 2459271.648449074 -12885.118374489968 1 121
202102250097 2459271.648449074 -12625.592521753138 1 122
202102250097 2459271.648449074 -13400.74850081161 1 123
202102250097 2459271.648449074 -12760.841442320838 1 124
202102250097 2459271.648449074 -12627.52859605434 1 125
202102250097 2459271.648449074 -12099.559854942792 1 126
202102250097 2459271.648449074 -12685.569060222448 1 127
202102250097 2459271.648449074 -12352.37407082192 1 128
202102250097 2459271.648449074 -12623.211007256194 1 129
202102250097 2459271.648449074 -13034.745900774542 1 130
202102250097 2459271.648449074 -13208.647570941877 1 131
202102250097 2459271.648449074 -12160.227234606893 1 132
202102250097 2459271.648449074 -12560.914283028711 1 133
202102250098 2459271.6704398147 -12436.583793793794 1 76
202102250098 2459271.6704398147 -11439.9088345795 1 84
202102250098 2459271.6704398147 -14119.739875103058 1 85
202102250098 2459271.6704398147 -13055.697156251013 1 86
202102250098 2459271.6704398147 -12962.496312152029 1 89
202102250098 2459271.6704398147 -11903.73963605681 1 90
202102250098 2459271.6704398147 -11907.709455259399 1 92
202102250098 2459271.6704398147 -12303.516085180296 1 93
202102250098 2459271.6704398147 -12465.865411996201 1 94
202102250098 2459271.6704398147 -13736.234329726625 1 98
202102250098 2459271.6704398147 -13885.131033559865 1 99
202102250098 2459271.6704398147 nan nan 100
202102250098 2459271.6704398147 -14364.623404711232 1 101
202102250098 2459271.6704398147 -12477.70046831717 1 102
202102250098 2459271.6704398147 -12653.22631335965 1 103
202102250098 2459271.6704398147 -11231.324176747135 1 104
202102250098 2459271.6704398147 nan nan 105
202102250098 2459271.6704398147 -13099.88616010785 1 106
202102250098 2459271.6704398147 -12733.925195200532 1 107
202102250098 2459271.6704398147 -13028.833145010674 1 108
202102250098 2459271.6704398147 -12902.417639178224 1 109
202102250098 2459271.6704398147 -12067.818086101948 1 110
202102250098 2459271.6704398147 -12891.92939169528 1 111
202102250098 2459271.6704398147 -12009.501845662082 1 112
202102250098 2459271.6704398147 nan nan 113
202102250098 2459271.6704398147 -13045.479423659652 1 114
202102250098 2459271.6704398147 -12558.728231988927 1 115
202102250098 2459271.6704398147 -12363.843223803016 1 116
202102250098 2459271.6704398147 -12495.477776926245 1 117
202102250098 2459271.6704398147 -11502.261549893674 1 118
202102250098 2459271.6704398147 -12756.086454141527 1 119
202102250098 2459271.6704398147 -12492.942201742559 1 120
202102250098 2459271.6704398147 -12829.041403789519 1 121
202102250098 2459271.6704398147 -12542.567222512003 1 122
202102250098 2459271.6704398147 -12959.711178981906 1 123
202102250098 2459271.6704398147 -12966.36168263082 1 124
202102250098 2459271.6704398147 -12804.663095452179 1 125
202102250098 2459271.6704398147 -12244.591652551671 1 126
202102250098 2459271.6704398147 -12642.103185492533 1 127
202102250098 2459271.6704398147 -12167.500404053964 1 128
202102250098 2459271.6704398147 -12555.418432525088 1 129
202102250098 2459271.6704398147 -12709.986957444506 1 130
202102250098 2459271.6704398147 -12455.277676749598 1 131
202102250098 2459271.6704398147 -12212.237698241513 1 132
202102250098 2459271.6704398147 -12358.867308918576 1 133
202102250099 2459271.6889930554 -12167.455904795836 1 76
202102250099 2459271.6889930554 -13963.467278067528 1 84
202102250099 2459271.6889930554 -13176.44996619486 1 85
202102250099 2459271.6889930554 -11282.896129345134 1 86
202102250099 2459271.6889930554 -12743.332354950126 1 89
202102250099 2459271.6889930554 -11681.22105649394 1 90
202102250099 2459271.6889930554 -12100.405399383004 1 92
202102250099 2459271.6889930554 -12487.929728164829 1 93
202102250099 2459271.6889930554 -12847.511416731071 1 94
202102250099 2459271.6889930554 -12924.773149134307 1 98
202102250099 2459271.6889930554 -13623.131475269643 1 99
202102250099 2459271.6889930554 nan nan 100
202102250099 2459271.6889930554 -12548.602184279804 1 101
202102250099 2459271.6889930554 -12311.051565476755 1 102
202102250099 2459271.6889930554 -12202.9199479849 1 103
202102250099 2459271.6889930554 -12470.015740371891 1 104
202102250099 2459271.6889930554 nan nan 105
202102250099 2459271.6889930554 -13187.296238953057 1 106
202102250099 2459271.6889930554 -12393.142631213148 1 107
202102250099 2459271.6889930554 -12930.843942619202 1 108
202102250099 2459271.6889930554 -12820.313139979438 1 109
202102250099 2459271.6889930554 -12251.209989188814 1 110
202102250099 2459271.6889930554 -12840.514558785791 1 111
202102250099 2459271.6889930554 -12129.067313378353 1 112
202102250099 2459271.6889930554 nan nan 113
202102250099 2459271.6889930554 -13126.997470825181 1 114
202102250099 2459271.6889930554 -12510.259800389138 1 115
202102250099 2459271.6889930554 -12682.434764451962 1 116
202102250099 2459271.6889930554 -12739.816404431545 1 117
202102250099 2459271.6889930554 -11586.152210926526 1 118
202102250099 2459271.6889930554 -11032.585134186858 1 119
202102250099 2459271.6889930554 -12936.01367102856 1 120
202102250099 2459271.6889930554 -12647.480147469216 1 121
202102250099 2459271.6889930554 -12628.90952681567 1 122
202102250099 2459271.6889930554 -13269.013783893115 1 123
202102250099 2459271.6889930554 -12553.38881682291 1 124
202102250099 2459271.6889930554 -12588.827848703357 1 125
202102250099 2459271.6889930554 -12347.05847874686 1 126
202102250099 2459271.6889930554 -12335.32760606131 1 127
202102250099 2459271.6889930554 -12491.059466421735 1 128
202102250099 2459271.6889930554 -12625.986750256023 1 129
202102250099 2459271.6889930554 -12789.871011053752 1 130
202102250099 2459271.6889930554 -12733.404658294976 1 131
202102250099 2459271.6889930554 -12668.085964450218 1 132
202102250099 2459271.6889930554 -12624.829881732841 1 133
202102250100 2459271.704050926 -12332.530612924136 1 76
202102250100 2459271.704050926 -12782.646075759165 1 84
202102250100 2459271.704050926 -13097.852443948303 1 85
202102250100 2459271.704050926 -13426.29200313695 1 86
202102250100 2459271.704050926 -12450.916072497743 1 89
202102250100 2459271.704050926 -11499.63108330111 1 90
202102250100 2459271.704050926 -12450.554421618113 1 92
202102250100 2459271.704050926 -12585.068122066446 1 93
202102250100 2459271.704050926 -12624.716557994896 1 94
202102250100 2459271.704050926 -12495.492881914042 1 98
202102250100 2459271.704050926 -11078.04171211932 1 99
202102250100 2459271.704050926 nan nan 100
202102250100 2459271.704050926 -14194.423294608865 1 101
202102250100 2459271.704050926 -12661.308924736431 1 102
202102250100 2459271.704050926 -12722.868563091062 1 103
202102250100 2459271.704050926 -11920.408181466728 1 104
202102250100 2459271.704050926 nan nan 105
202102250100 2459271.704050926 -13379.349871248622 1 106
202102250100 2459271.704050926 -12291.5878144696 1 107
202102250100 2459271.704050926 -12963.293359678893 1 108
202102250100 2459271.704050926 -12709.702078343811 1 109
202102250100 2459271.704050926 -12347.798637585849 1 110
202102250100 2459271.704050926 -12886.852395118889 1 111
202102250100 2459271.704050926 -12165.392117362984 1 112
202102250100 2459271.704050926 nan nan 113
202102250100 2459271.704050926 -12636.661046807547 1 114
202102250100 2459271.704050926 -12527.279528673133 1 115
202102250100 2459271.704050926 -12824.291023801432 1 116
202102250100 2459271.704050926 -12598.511271567862 1 117
202102250100 2459271.704050926 -11624.063689254182 1 118
202102250100 2459271.704050926 -12196.394692650123 1 119
202102250100 2459271.704050926 -12784.595827410587 1 120
202102250100 2459271.704050926 -12844.086004597064 1 121
202102250100 2459271.704050926 -12542.803331906469 1 122
202102250100 2459271.704050926 -12803.248369981415 1 123
202102250100 2459271.704050926 -12257.740772856221 1 124
202102250100 2459271.704050926 -12659.633944539066 1 125
202102250100 2459271.704050926 -12475.02330232698 1 126
202102250100 2459271.704050926 -12363.893982686903 1 127
202102250100 2459271.704050926 -12434.720534665788 1 128
202102250100 2459271.704050926 -11609.35195780193 1 129
202102250100 2459271.704050926 -12316.37059854809 1 130
202102250100 2459271.704050926 -12875.4558238829 1 131
202102250100 2459271.704050926 -12821.24070392214 1 132
202102250100 2459271.704050926 -12205.055229200078 1 133
202102250101 2459271.719108796 -12574.785508281568 1 76
202102250101 2459271.719108796 -11934.630858574175 1 84
202102250101 2459271.719108796 -12806.267640476965 1 85
202102250101 2459271.719108796 -13131.087710373857 1 86
202102250101 2459271.719108796 -12320.915282470685 1 89
202102250101 2459271.719108796 -10669.16038980565 1 90
202102250101 2459271.719108796 -12459.916154419336 1 92
202102250101 2459271.719108796 -12639.195452287118 1 93
202102250101 2459271.719108796 -12845.57191933085 1 94
202102250101 2459271.719108796 -11677.871537610166 1 98
202102250101 2459271.719108796 -12710.995751327522 1 99
202102250101 2459271.719108796 nan nan 100
202102250101 2459271.719108796 -13462.000378692119 1 101
202102250101 2459271.719108796 -12521.999921116121 1 102
202102250101 2459271.719108796 -12600.743132855272 1 103
202102250101 2459271.719108796 -11839.734475380465 1 104
202102250101 2459271.719108796 nan nan 105
202102250101 2459271.719108796 -13111.844428666966 1 106
202102250101 2459271.719108796 -12715.868644679214 1 107
202102250101 2459271.719108796 -13228.659579801246 1 108
202102250101 2459271.719108796 -13288.880968548225 1 109
202102250101 2459271.719108796 -12306.66531107061 1 110
202102250101 2459271.719108796 -12646.54244558601 1 111
202102250101 2459271.719108796 -13094.152008000232 1 112
202102250101 2459271.719108796 nan nan 113
202102250101 2459271.719108796 -13111.649086294125 1 114
202102250101 2459271.719108796 -12413.782044769745 1 115
202102250101 2459271.719108796 -12618.613337065535 1 116
202102250101 2459271.719108796 -12518.397714166822 1 117
202102250101 2459271.719108796 -13087.60114787846 1 118
202102250101 2459271.719108796 -12307.760469021672 1 119
202102250101 2459271.719108796 -12893.8254555012 1 120
202102250101 2459271.719108796 -12815.88644083812 1 121
202102250101 2459271.719108796 -12901.681406985086 1 122
202102250101 2459271.719108796 -13160.009726284707 1 123
202102250101 2459271.719108796 -12554.206831551828 1 124
202102250101 2459271.719108796 -12924.337540110522 1 125
202102250101 2459271.719108796 -12580.671122752141 1 126
202102250101 2459271.719108796 -12529.68260665607 1 127
202102250101 2459271.719108796 -12834.22025504995 1 128
202102250101 2459271.719108796 -12723.43567779976 1 129
202102250101 2459271.719108796 -13389.794468400532 1 130
202102250101 2459271.719108796 -13021.0995417398 1 131
202102250101 2459271.719108796 -12629.654169067027 1 132
202102250101 2459271.719108796 -12649.107005378433 1 133
202102280099 2459274.7097453703 -12071.8685286482 1 76
202102280099 2459274.7097453703 -11796.093296857016 1 84
202102280099 2459274.7097453703 -12063.995845574842 1 85
202102280099 2459274.7097453703 -11475.20085494481 1 86
202102280099 2459274.7097453703 -11495.625370838103 1 89
202102280099 2459274.7097453703 -11404.026530094816 1 90
202102280099 2459274.7097453703 -11489.41131793154 1 92
202102280099 2459274.7097453703 -11442.447062771855 1 93
202102280099 2459274.7097453703 -11432.238424210034 1 94
202102280099 2459274.7097453703 -11596.983493830996 1 98
202102280099 2459274.7097453703 -13177.166456296505 1 99
202102280099 2459274.7097453703 nan nan 100
202102280099 2459274.7097453703 -12743.47218971246 1 101
202102280099 2459274.7097453703 -11541.900230050618 1 102
202102280099 2459274.7097453703 -11681.315626745716 1 103
202102280099 2459274.7097453703 -11098.711226923864 1 104
202102280099 2459274.7097453703 nan nan 105
202102280099 2459274.7097453703 -12183.489111056746 1 106
202102280099 2459274.7097453703 -11536.705216304368 1 107
202102280099 2459274.7097453703 -11705.02404195508 1 108
202102280099 2459274.7097453703 -11715.427284475378 1 109
202102280099 2459274.7097453703 -10989.649183712863 1 110
202102280099 2459274.7097453703 -11754.495258302251 1 111
202102280099 2459274.7097453703 -11815.57089273065 1 112
202102280099 2459274.7097453703 nan nan 113
202102280099 2459274.7097453703 -12409.172480061696 1 114
202102280099 2459274.7097453703 -11556.819227843042 1 115
202102280099 2459274.7097453703 -11860.663242901193 1 116
202102280099 2459274.7097453703 -11741.29698180652 1 117
202102280099 2459274.7097453703 -11542.953545494373 1 118
202102280099 2459274.7097453703 -11060.136252409302 1 119
202102280099 2459274.7097453703 -11470.835168158541 1 120
202102280099 2459274.7097453703 -11628.317887966512 1 121
202102280099 2459274.7097453703 -11682.903024987318 1 122
202102280099 2459274.7097453703 -11860.874345440276 1 123
202102280099 2459274.7097453703 -11953.683748925976 1 124
202102280099 2459274.7097453703 -11683.703769745942 1 125
202102280099 2459274.7097453703 -11520.038861835405 1 126
202102280099 2459274.7097453703 -11465.349590778884 1 127
202102280099 2459274.7097453703 -11581.152031607753 1 128
202102280099 2459274.7097453703 -12085.711328701123 1 129
202102280099 2459274.7097453703 -11978.448775808896 1 130
202102280099 2459274.7097453703 -11529.225130441404 1 131
202102280099 2459274.7097453703 -11389.636541650494 1 132
202102280099 2459274.7097453703 -11064.360988780385 1 133
202102280097 2459274.6658912036 -11142.660455275442 1 76
202102280097 2459274.6658912036 -11864.815023641962 1 84
202102280097 2459274.6658912036 -11603.417114048256 1 85
202102280097 2459274.6658912036 -11376.78565735264 1 86
202102280097 2459274.6658912036 -12222.844313076273 1 89
202102280097 2459274.6658912036 -11065.417218025423 1 90
202102280097 2459274.6658912036 -12565.494510594346 1 92
202102280097 2459274.6658912036 -11501.439601319847 1 93
202102280097 2459274.6658912036 -11629.965059010596 1 94
202102280097 2459274.6658912036 -12496.052817524784 1 98
202102280097 2459274.6658912036 -15055.619872068723 1 99
202102280097 2459274.6658912036 nan nan 100
202102280097 2459274.6658912036 -9271.43122266828 1 101
202102280097 2459274.6658912036 -11243.042830121198 1 102
202102280097 2459274.6658912036 -11772.49324982792 1 103
202102280097 2459274.6658912036 -11379.728459739035 1 104
202102280097 2459274.6658912036 nan nan 105
202102280097 2459274.6658912036 -12021.452337620627 1 106
202102280097 2459274.6658912036 -11302.463375527353 1 107
202102280097 2459274.6658912036 -11634.77621270593 1 108
202102280097 2459274.6658912036 -11532.314781276988 1 109
202102280097 2459274.6658912036 -11385.688037122954 1 110
202102280097 2459274.6658912036 -11865.809196654269 1 111
202102280097 2459274.6658912036 -12007.49406308291 1 112
202102280097 2459274.6658912036 nan nan 113
202102280097 2459274.6658912036 -12304.909766378598 1 114
202102280097 2459274.6658912036 -11430.811125750706 1 115
202102280097 2459274.6658912036 -11885.938220753678 1 116
202102280097 2459274.6658912036 -12034.116503643902 1 117
202102280097 2459274.6658912036 -11334.18576615265 1 118
202102280097 2459274.6658912036 -10832.881027979503 1 119
202102280097 2459274.6658912036 -11882.30161357671 1 120
202102280097 2459274.6658912036 -11827.484964587784 1 121
202102280097 2459274.6658912036 -11722.532069305236 1 122
202102280097 2459274.6658912036 -12503.801174763375 1 123
202102280097 2459274.6658912036 -12021.64194520037 1 124
202102280097 2459274.6658912036 -11633.411129194614 1 125
202102280097 2459274.6658912036 -11431.58594935093 1 126
202102280097 2459274.6658912036 -11863.466089735388 1 127
202102280097 2459274.6658912036 -11431.53045474848 1 128
202102280097 2459274.6658912036 -11979.82039224618 1 129
202102280097 2459274.6658912036 -12281.020430654431 1 130
202102280097 2459274.6658912036 -11851.21279469415 1 131
202102280097 2459274.6658912036 -11983.383356619806 1 132
202102280097 2459274.6658912036 -11722.71317328735 1 133
202102280098 2459274.687824074 -11639.14708457109 1 76
202102280098 2459274.687824074 -11438.232383235072 1 84
202102280098 2459274.687824074 -12122.989025218327 1 85
202102280098 2459274.687824074 -11875.885687241938 1 86
202102280098 2459274.687824074 -13670.259271885721 1 89
202102280098 2459274.687824074 -11590.368414270511 1 90
202102280098 2459274.687824074 -11248.178511049819 1 92
202102280098 2459274.687824074 -11366.00900289189 1 93
202102280098 2459274.687824074 -11681.07736761491 1 94
202102280098 2459274.687824074 -13320.225763173332 1 98
202102280098 2459274.687824074 -10856.174727733203 1 99
202102280098 2459274.687824074 nan nan 100
202102280098 2459274.687824074 -12741.278206095036 1 101
202102280098 2459274.687824074 -11905.989831766938 1 102
202102280098 2459274.687824074 -11740.396077041793 1 103
202102280098 2459274.687824074 -11243.05160245588 1 104
202102280098 2459274.687824074 nan nan 105
202102280098 2459274.687824074 -11824.537175891877 1 106
202102280098 2459274.687824074 -11491.177136952578 1 107
202102280098 2459274.687824074 -11238.25942420588 1 108
202102280098 2459274.687824074 -11603.266006914357 1 109
202102280098 2459274.687824074 -11293.960619950409 1 110
202102280098 2459274.687824074 -12352.515605838673 1 111
202102280098 2459274.687824074 -11794.957646699839 1 112
202102280098 2459274.687824074 nan nan 113
202102280098 2459274.687824074 -12018.914964338623 1 114
202102280098 2459274.687824074 -11868.593157610549 1 115
202102280098 2459274.687824074 -11970.051325217013 1 116
202102280098 2459274.687824074 -11921.052894729613 1 117
202102280098 2459274.687824074 -12834.686840373763 1 118
202102280098 2459274.687824074 -10850.62428756547 1 119
202102280098 2459274.687824074 -11622.272719070887 1 120
202102280098 2459274.687824074 -11667.729846337208 1 121
202102280098 2459274.687824074 -11940.34539850374 1 122
202102280098 2459274.687824074 -12015.629472430786 1 123
202102280098 2459274.687824074 -11693.232414814795 1 124
202102280098 2459274.687824074 -11442.314811771465 1 125
202102280098 2459274.687824074 -11803.190759461102 1 126
202102280098 2459274.687824074 -11333.227151632347 1 127
202102280098 2459274.687824074 -11833.537326571792 1 128
202102280098 2459274.687824074 -11289.452543239895 1 129
202102280098 2459274.687824074 -11801.558173261474 1 130
202102280098 2459274.687824074 -11937.921932443802 1 131
202102280098 2459274.687824074 -11878.356532489628 1 132
202102280098 2459274.687824074 -11689.317367456657 1 133
202103240187 2459298.599097222 -12072.09381993199 1 76
202103240187 2459298.599097222 -11436.516072837949 1 84
202103240187 2459298.599097222 -12351.247135226775 1 85
202103240187 2459298.599097222 -11390.347482869007 1 86
202103240187 2459298.599097222 -11744.919480810764 1 89
202103240187 2459298.599097222 -11012.419996403813 1 90
202103240187 2459298.599097222 -11628.96150440453 1 92
202103240187 2459298.599097222 -11761.384078725123 1 93
202103240187 2459298.599097222 -11708.406000755946 1 94
202103240187 2459298.599097222 -11976.05794242893 1 98
202103240187 2459298.599097222 -11566.16383579198 1 99
202103240187 2459298.599097222 nan nan 100
202103240187 2459298.599097222 -11832.23011849036 1 101
202103240187 2459298.599097222 -11716.355085043058 1 102
202103240187 2459298.599097222 -11749.92226621161 1 103
202103240187 2459298.599097222 -11622.358413070022 1 104
202103240187 2459298.599097222 nan nan 105
202103240187 2459298.599097222 -12343.461473689425 1 106
202103240187 2459298.599097222 -11984.304385668747 1 107
202103240187 2459298.599097222 -12244.20137793743 1 108
202103240187 2459298.599097222 -11743.286823117012 1 109
202103240187 2459298.599097222 -11298.775225751748 1 110
202103240187 2459298.599097222 -12231.206698400192 1 111
202103240187 2459298.599097222 -11352.9275966753 1 112
202103240187 2459298.599097222 nan nan 113
202103240187 2459298.599097222 -12077.225403492357 1 114
202103240187 2459298.599097222 -11705.510791210496 1 115
202103240187 2459298.599097222 -11889.528453245872 1 116
202103240187 2459298.599097222 -11727.652263589956 1 117
202103240187 2459298.599097222 -11336.702816958674 1 118
202103240187 2459298.599097222 -12100.477012395728 1 119
202103240187 2459298.599097222 -11778.19861615473 1 120
202103240187 2459298.599097222 -11988.888200608799 1 121
202103240187 2459298.599097222 -11686.953800835403 1 122
202103240187 2459298.599097222 -12262.601405673127 1 123
202103240187 2459298.599097222 -11821.092720866178 1 124
202103240187 2459298.599097222 -11980.805202946147 1 125
202103240187 2459298.599097222 -11592.4561236486 1 126
202103240187 2459298.599097222 -12264.966576166482 1 127
202103240187 2459298.599097222 -12265.89336690106 1 128
202103240187 2459298.599097222 -11645.158334281616 1 129
202103240187 2459298.599097222 -12567.21129449974 1 130
202103240187 2459298.599097222 -12070.316865803841 1 131
202103240187 2459298.599097222 -12413.257894207289 1 132
202103240187 2459298.599097222 -11750.765381983148 1 133
202103240188 2459298.6210416667 -12179.744590338465 1 76
202103240188 2459298.6210416667 -11710.467810229386 1 84
202103240188 2459298.6210416667 -12415.4055445507 1 85
202103240188 2459298.6210416667 -12027.81317401352 1 86
202103240188 2459298.6210416667 -11588.92826307439 1 89
202103240188 2459298.6210416667 -11397.293184824122 1 90
202103240188 2459298.6210416667 -12085.444909219757 1 92
202103240188 2459298.6210416667 -12252.230392233825 1 93
202103240188 2459298.6210416667 -11790.858633587732 1 94
202103240188 2459298.6210416667 -12640.18470870569 1 98
202103240188 2459298.6210416667 -11784.461941685453 1 99
202103240188 2459298.6210416667 nan nan 100
202103240188 2459298.6210416667 -11954.544343409681 1 101
202103240188 2459298.6210416667 -11629.142569291524 1 102
202103240188 2459298.6210416667 -12094.3281510874 1 103
202103240188 2459298.6210416667 -11305.60480884172 1 104
202103240188 2459298.6210416667 nan nan 105
202103240188 2459298.6210416667 -12505.417790848625 1 106
202103240188 2459298.6210416667 -11721.493560184957 1 107
202103240188 2459298.6210416667 -11843.589189271088 1 108
202103240188 2459298.6210416667 -11914.335507438687 1 109
202103240188 2459298.6210416667 -11165.383685647665 1 110
202103240188 2459298.6210416667 -12171.58030747061 1 111
202103240188 2459298.6210416667 -11612.931358685239 1 112
202103240188 2459298.6210416667 nan nan 113
202103240188 2459298.6210416667 -12419.401149475303 1 114
202103240188 2459298.6210416667 -11874.048290662719 1 115
202103240188 2459298.6210416667 -11951.52247277576 1 116
202103240188 2459298.6210416667 -11684.98229919169 1 117
202103240188 2459298.6210416667 -11059.74883215374 1 118
202103240188 2459298.6210416667 -12144.665466736922 1 119
202103240188 2459298.6210416667 -12060.775244647328 1 120
202103240188 2459298.6210416667 -12087.664753989566 1 121
202103240188 2459298.6210416667 -11850.345816918963 1 122
202103240188 2459298.6210416667 -12025.424683223573 1 123
202103240188 2459298.6210416667 -11861.955137657975 1 124
202103240188 2459298.6210416667 -12051.613388125566 1 125
202103240188 2459298.6210416667 -12153.092335203397 1 126
202103240188 2459298.6210416667 -11742.035037048156 1 127
202103240188 2459298.6210416667 -12100.29392138741 1 128
202103240188 2459298.6210416667 -12037.339691699515 1 129
202103240188 2459298.6210416667 -12100.149522468964 1 130
202103240188 2459298.6210416667 -11723.335931431917 1 131
202103240188 2459298.6210416667 -11873.392908846805 1 132
202103240188 2459298.6210416667 -11706.786224377813 1 133
202103240189 2459298.642974537 -11471.56302433387 1 76
202103240189 2459298.642974537 -12011.589200182441 1 84
202103240189 2459298.642974537 -12329.82628229 1 85
202103240189 2459298.642974537 -11733.522122296365 1 86
202103240189 2459298.642974537 -11476.415339995652 1 89
202103240189 2459298.642974537 -11431.887414698393 1 90
202103240189 2459298.642974537 -11652.421305645892 1 92
202103240189 2459298.642974537 -11689.767572197929 1 93
202103240189 2459298.642974537 -11711.050566539932 1 94
202103240189 2459298.642974537 -12040.862450243807 1 98
202103240189 2459298.642974537 -10586.864039289972 1 99
202103240189 2459298.642974537 nan nan 100
202103240189 2459298.642974537 -12689.006741087742 1 101
202103240189 2459298.642974537 -11491.215083444456 1 102
202103240189 2459298.642974537 -11784.603272886496 1 103
202103240189 2459298.642974537 -11589.857288071651 1 104
202103240189 2459298.642974537 nan nan 105
202103240189 2459298.642974537 -11952.821339516497 1 106
202103240189 2459298.642974537 -11869.704370761912 1 107
202103240189 2459298.642974537 -11882.44871612494 1 108
202103240189 2459298.642974537 -12013.792958160397 1 109
202103240189 2459298.642974537 -11264.210990180785 1 110
202103240189 2459298.642974537 -12048.141903837488 1 111
202103240189 2459298.642974537 -11293.77770133017 1 112
202103240189 2459298.642974537 nan nan 113
202103240189 2459298.642974537 -12245.0203147555 1 114
202103240189 2459298.642974537 -12020.026794289783 1 115
202103240189 2459298.642974537 -11472.733316914562 1 116
202103240189 2459298.642974537 -11612.239238375767 1 117
202103240189 2459298.642974537 -11113.494505228873 1 118
202103240189 2459298.642974537 -12037.006470864344 1 119
202103240189 2459298.642974537 -11726.791708238332 1 120
202103240189 2459298.642974537 -12082.143553354963 1 121
202103240189 2459298.642974537 -11834.553404411503 1 122
202103240189 2459298.642974537 -12104.45845834168 1 123
202103240189 2459298.642974537 -11856.254954178976 1 124
202103240189 2459298.642974537 -12190.469256083283 1 125
202103240189 2459298.642974537 -11404.488051773722 1 126
202103240189 2459298.642974537 -11756.820573065575 1 127
202103240189 2459298.642974537 -12222.910302555296 1 128
202103240189 2459298.642974537 -12009.383562167875 1 129
202103240189 2459298.642974537 -12106.866677044114 1 130
202103240189 2459298.642974537 -12037.557470365795 1 131
202103240189 2459298.642974537 -11471.65865619241 1 132
202103240189 2459298.642974537 -11763.645774247558 1 133
202103240190 2459298.6649074075 -11779.595946025607 1 76
202103240190 2459298.6649074075 -11723.219991056249 1 84
202103240190 2459298.6649074075 -12786.952769985175 1 85
202103240190 2459298.6649074075 -11143.985156309402 1 86
202103240190 2459298.6649074075 -11559.818887508562 1 89
202103240190 2459298.6649074075 -10764.4785883387 1 90
202103240190 2459298.6649074075 -11536.894127689318 1 92
202103240190 2459298.6649074075 -11766.056055221525 1 93
202103240190 2459298.6649074075 -12033.026098143251 1 94
202103240190 2459298.6649074075 -12101.206916644946 1 98
202103240190 2459298.6649074075 -10364.668363791889 1 99
202103240190 2459298.6649074075 nan nan 100
202103240190 2459298.6649074075 -12250.092055714942 1 101
202103240190 2459298.6649074075 -11871.96874103624 1 102
202103240190 2459298.6649074075 -11921.992726853065 1 103
202103240190 2459298.6649074075 -12117.948383565443 1 104
202103240190 2459298.6649074075 nan nan 105
202103240190 2459298.6649074075 -12672.772371183139 1 106
202103240190 2459298.6649074075 -11855.667406497047 1 107
202103240190 2459298.6649074075 -11980.841935983704 1 108
202103240190 2459298.6649074075 -12071.357735608712 1 109
202103240190 2459298.6649074075 -11398.194532861442 1 110
202103240190 2459298.6649074075 -11894.263880108583 1 111
202103240190 2459298.6649074075 -11439.688793747402 1 112
202103240190 2459298.6649074075 nan nan 113
202103240190 2459298.6649074075 -12015.68024341875 1 114
202103240190 2459298.6649074075 -11729.577847337496 1 115
202103240190 2459298.6649074075 -12129.113770857286 1 116
202103240190 2459298.6649074075 -12017.20870301128 1 117
202103240190 2459298.6649074075 -11695.228371417596 1 118
202103240190 2459298.6649074075 -11837.638274562907 1 119
202103240190 2459298.6649074075 -12045.959036433585 1 120
202103240190 2459298.6649074075 -11835.277524606594 1 121
202103240190 2459298.6649074075 -11809.394822711614 1 122
202103240190 2459298.6649074075 -12149.65047782867 1 123
202103240190 2459298.6649074075 -11895.526003146195 1 124
202103240190 2459298.6649074075 -11653.556991719284 1 125
202103240190 2459298.6649074075 -11702.055096861543 1 126
202103240190 2459298.6649074075 -11516.937470837831 1 127
202103240190 2459298.6649074075 -11938.779599011878 1 128
202103240190 2459298.6649074075 -11963.881316117313 1 129
202103240190 2459298.6649074075 -10829.246015391836 1 130
202103240190 2459298.6649074075 -11938.063507813546 1 131
202103240190 2459298.6649074075 -12030.041486736505 1 132
202103240190 2459298.6649074075 -11855.549369480541 1 133
